3.7915919846240387
3.3740119492131715
3.85939603898757
3.8426099547391477
3.75437673115493
3.828494236287608
3.5854592216247294
3.47073814347503
3.5304757170156393
3.942258780013489
3.34089977188915
3.851417557190749
3.3094533883818587
3.586492423707975
3.4459971445438518
3.93678181369932
3.937862421177711
3.341337347716822
3.6050891825384523
3.4558218891778605
3.4947363084587226
3.4300360471932496
3.3392949151530873
3.423135987409916
3.367910062920247
3.3138409509904
3.8443622697644786
3.3594463161069923
3.4470769820764833
3.4577971939054204
3.383926937062686
3.380677771836693
3.810689564029356
3.809416126755907
3.355949083421416
3.380632116952995
3.3791455501716703
3.6845034373282717
3.2237783790984604
3.5820334620726566
3.894009129703763
3.36017162118445
3.763397700502215
3.5329988492224684
3.5576064772269493
3.6104614893797
3.842636577919865
3.3428284541138957
3.59187330106909
3.620702401821012
3.5343951899878694
3.316562967619458
3.793770386927708
3.6057320755963924
3.6965621908970956
3.546703085309465
3.4493157906686536
3.781654053854547
3.6204279299255946
3.713946331552671
4.004595048988518
3.9546088944454056
3.6310847272029996
3.364780800414099
3.29886810917361
3.4242111080722086
3.635389960447249
3.660512086624528
3.42807381835156
3.6604651337011935
3.5506632299232503
3.355582409970216
3.378600596258685
3.401255732463577
3.2429747731997924
3.6175892009537556
3.756404936433883
3.769854836661975
3.7085037822381333
4.06026599398079
3.415675693192843
3.7265541469468664
3.542246720387178
3.803413618338021
4.28444214587924
4.082085421727355
3.4012694131332184
3.6302344668877575
3.711364716817472
3.589920310562469
3.416586195647872
3.9225645921036287
3.713006508920089
3.4088596037459844
3.607717137085092
3.7531343905908887
3.7319111724624596
3.6207666991098817
3.3192409009461334
3.407605157360469
3.8019233022615215
3.271977345803845
3.707924625673989
3.333066002404503
3.5770755819830162
3.5002721977626385
3.2285426582811
3.787720598135383
3.2459962545385634
3.2508733104420706
3.3837101267680074
3.9903384927560186
4.583587805140613
3.5537206033161644
3.426312090461206
3.2913227107459573
3.5361323380516723
3.678905081519054
3.9437676925423277
3.680835990339485
3.3458137515159616
3.5726729163632234
3.2120819733638166
3.381125893092859
3.709550508665478
3.565086143915905
3.4887257096786595
3.4256262233484356
3.5869410539171733
4.214656147043266
3.6721246369745124
3.4620107311550132
3.4313126768246387
3.2655882270486662
4.435051459787301
3.5106747665637434
3.994531384794455
3.058206190105284
3.06621136267292
3.793695619316428
3.531099118752126
3.35153735220499
3.5700301820446536
3.7790250454666436
3.2629771105372165
3.646685420207007
3.3503199125568472
3.7918720967116535
3.7257801447986516
3.355867396752563
3.2905878913660587
3.298310374783096
3.8387514651062284
3.561757858285261
3.4216398699012105
4.1532844130716935
4.087054813354106
3.443900205458918
3.6184512741674357
3.287879990874763
3.2532752353865564
3.8715912524909974
3.230132777227861
3.1349120784689246
3.9308752511469445
3.772401055961672
3.3059317053371844
4.217638342613357
3.9836265206859998
3.776264658574574
3.5029347013724204
3.995803638507912
3.3368942493317704
3.258012318576635
3.500401796540718
3.528434746280208
3.4086459436139838
3.54779409461665
3.302677608903797
3.4576579680698893
3.568897147326103
3.338360998155752
3.6251977872400483
3.821814685913088
3.592935127022032
3.4018672768446123
3.5034041209465636
3.338458311119605
3.555979450962793
4.164841463415371
3.571155366681351
3.4603500912119145
3.2890303776407377
3.4487064757245838
4.000691945328629
3.774521420581638
3.8627699309300585
4.040868939947244
3.2674683252251295
3.866310673642667
3.847255073052005
3.472670474502462
3.9574428817702145
4.532915102137828
3.258596354572379
3.3209069327502725
3.7304367966409515
3.507074583415185
3.7128019308888485
4.287294063409901
3.241989788324476
3.197468646791733
3.459493084991358
3.3109278688488404
4.309085324436136
3.420320731706587
3.6543734964818273
3.451122725558524
3.3688745071035546
3.3138397488979603
3.8056317524941345
4.387089461034203
3.324279688517169
3.3011754014459442
3.765518530201537
3.4170094386685284
3.4073487100904902
3.4541602528502895
3.2888366030388534
3.7401213558603823
4.021988124778104
3.661646902656495
3.390996633478295
3.615979073049604
3.310318190141042
3.4405051138646465
4.354185805853445
3.457211308859592
4.474616641884528
3.5642161060933
3.74748777660744
4.136046903650941
3.6416473564974017
4.091479862924555
3.518596022426579
3.0525164934656157
3.3223740141358356
3.5822371237538357
3.3095263778545445
3.597032634038471
4.092716436480019
3.307040641928761
3.6594497906727295
3.338497336434722
3.5442895919074253
3.5324359556888627
3.494429983578997
3.299465632543023
3.4568561391129298
3.245632790286079
3.537013070205872
3.1543975703163367
3.705630302758408
3.917596780488484
3.5033785460518003
3.4505061766010923
5.470862179038238
3.61663006268612
3.621065833608585
3.7474935887536427
3.544221662372323
3.21342835736315
3.3668930098944196
3.7391269137969427
3.5003046555245816
4.3771097852031735
4.366619716648494
3.924443084595238
3.444529523334541
3.9087256961530583
3.4478598666165565
3.4309059448671126
3.5709216100775962
3.3762846643531894
3.3314107847829444
3.66556398822855
4.351219204310412
4.63292191290363
3.1805201422708365
3.301022054555827
3.5084248479047715
3.283932953240089
3.366698048243301
3.6794135902901
3.213257270726669
3.5011149492410762
3.5632643618218713
5.565131570317922
3.227857940180636
3.3577518605596306
3.5984503489377175
3.558540789289599
3.619013445331923
4.188704130236647
3.7924418763009373
4.69619326154052
3.4553860176895155
3.425690556494242
3.2625707293359185
3.5840917097643956
3.5814087694625636
3.2216563065161727
4.020120629407753
3.5598792898251026
3.4975176059982713
3.3508352557864107
3.402739508755335
2.9778686648795967
3.991753025666191
3.3808631571345904
3.3607366280206366
4.023209294237555
3.549102833377566
3.4906568603909145
3.1824093376202454
3.3476932343351153
4.127455288198567
3.1619487358644998
3.496534509856826
3.3875605943942215
3.603807161884726
3.498934078526662
3.461542827052096
3.5127307676283017
3.726050667681044
4.607915937538982
3.5859025990511117
4.546060348873991
3.4356121554458676
3.1215198774385864
4.968218059049298
3.8077457839794264
3.496760929010227
4.166460517772613
3.345032907287135
3.6562499442753795
3.721979916890681
3.745692635548216
4.0464977639017325
3.642008624292829
3.687328787339267
4.441373889532088
3.976678303556337
3.5730094237242795
4.584356487383565
3.3195404974085574
3.448592649965023
4.840861601643352
3.7133313450894727
4.324114785848543
3.7305077720423645
3.5413340110348566
4.120694186464482
3.5116949929700385
3.4399841303093273
3.8424246961870185
3.713904432100354
3.4979901534484736
3.4160356968567505
3.3751924737876653
3.3511513987386143
4.361783534920975
3.8578716047977957
4.276952497157221
3.704939619075436
3.27517368036058
3.5973567926215315
4.268325020463146
3.5825391365818877
3.504663819598993
3.4867445305295806
4.141574782110892
5.5874651971018405
3.8928506225120874
3.336095690391203
5.121997202237164
3.54709359155179
4.781244022443397
3.628919154279994
3.3695171235654517
3.2810844080623114
3.2138780768645567
3.6429946100302644
3.3732555916164584
3.517596039453741
4.304129705583714
3.2268505492378674
3.1011928315100565
3.8009860785026843
3.151612318346055
3.474180510077532
3.3905014004725205
4.199695084437561
3.482248939080728
3.6502783944281436
3.4376618712604383
3.5483283582513545
3.7039902236202757
3.344917817646475
4.07674653784588
3.992142407188263
3.5816137215001076
4.255005638303086
4.11070602858808
4.500933617279045
3.962179751239823
4.104484433603426
3.4921335047958215
3.44804990750303
3.7235255391226376
4.128914107065945
3.549743201639898
3.4176121927036895
3.4702745557962693
3.108619026547671
3.313119333811625
4.996826443604296
3.7177153559682012
4.2291488638107735
3.537244767838079
3.402119484587269
4.206792346278889
4.392818469741997
3.425013953362751
3.4491634825100856
4.095782219385711
3.7125824890847485
3.197959027046716
4.827166610467168
3.731800283000114
4.15149972097765
4.643251019809836
3.4739779005369034
5.516444260541654
3.4887894082757125
3.4364691453859617
3.611693610462143
3.3899023455794524
3.50014966604963
3.31928503196924
3.685174616246254
3.3167948356761365
3.5196334899762847
3.7645278369691653
3.594968182224826
3.942064667655939
4.641678182529542
3.235299373051922
3.478856915991657
4.4074632200842965
3.6080520095120434
3.3499300552929157
3.356341792375204
3.1717338723170583
4.325565431823127
3.3741730798492497
3.566190494588425
3.488213872897159
4.530070098016207
3.4626783368119076
3.250833163992322
4.390587284633151
3.496446889577432
3.571545501762646
3.559255932390072
3.6330738823660416
4.125132421544502
4.49873005415108
3.620022421871724
3.314264341684296
4.268996822616431
4.697736494515631
3.708459013235087
4.570789163665281
4.381567960813132
3.2909245044896673
3.6720318174163307
3.6711393013011824
4.090885237638177
3.992066380354567
3.45231521973366
4.397758444128272
3.652059723027838
3.5099978549825823
4.161106370939449
3.462418081169215
4.4496927384791265
4.226560471831637
3.940561732076632
4.874036088426614
4.668983757666917
3.573416210930062
3.3734684282078486
4.151407488742346
5.42070099360593
3.909384323559836
4.067648672979204
3.5664872851967853
4.327481161586224
3.2452000983937976
4.262332702796352
3.467030818937471
4.51183106935174
3.0170374169249925
3.763015792696761
4.270043478757135
4.117306354493146
3.689856532530505
3.4714016023913206
3.862344739632863
4.69704653354502
5.259421178432634
3.9084194983545846
4.7463735384368135
3.804653904622546
5.4700127549668895
3.5124610460163783
3.212826571481215
3.5854073133556805
4.224395512668045
3.22457987925036
3.2937579209047216
3.5041858577446896
4.7505310234657445
3.9506716364879093
3.741987455796888
3.2265448069564777
3.6407342857742444
3.860736528725109
3.7564783236231936
3.91379729901222
4.1344624703257775
3.268251607171908
5.509172283637703
4.3073830179309045
4.07358382530603
4.298644501314885
4.092619513793432
4.100318262501398
3.4388973704770542
3.4766791248640083
4.08621153551224
3.206571933227049
3.477225507140856
4.041642920069735
3.5891242627698094
4.57490882802253
4.602185672681141
3.4809848711059352
4.186210675054423
3.3604455853498783
3.37077309117585
4.331101035995506
3.3692262376281024
3.5928810988163478
3.853882650459123
3.9143296548463287
3.971939534979196
3.123859018670947
3.5944828566149702
4.072303030304081
3.419363113988063
4.703986923408927
3.396020779530067
3.4878472765013044
4.0588316292268605
3.5480629377812676
4.909481718130301
3.2695628487622077
4.782838349568889
4.535075881221308
3.554237029518901
3.690576819681656
3.574220754986449
3.760136927456468
3.198817103238712
3.352240583094088
3.320267215403047
4.122928423051156
4.57282826277571
4.185503924460608
3.0853953364116538
3.279187416087492
4.312741831062887
3.4103821196627297
3.653244574944518
3.884619940856152
3.553351246619403
4.924259547386655
3.0962046322874808
3.411434300643267
3.740687019594408
3.632115021015953
3.44106335345061
3.740103557022201
4.146638327393473
4.572436663573905
3.6652956600962034
4.24292828354255
4.06432526077162
3.5670399621731823
3.4027583749555688
3.948516896703157
3.7628849190262104
3.4072514985299045
3.6619614267329785
3.4904114640226513
3.4537038283572237
3.7820747863718838
4.424658745880578
3.009035941009287
4.296915908359886
3.6995586344334086
3.555850550049524
3.3915201372710033
4.66384633968691
3.573760222682621
4.43225341014943
3.428297766422326
3.9597650812741336
3.4339784012999743
3.563041033600202
3.839636401435024
3.5962754374095662
3.2316130977186104
4.453591863795857
3.6199788913481123
3.6171395720251853
4.430705554842815
3.351608173374651
3.6619020568276057
3.4115099489575536
4.434863606987559
3.401459534227688
3.5202992179046144
4.084643992441221
4.484895371740466
3.658860730566415
3.8723621856901755
4.824872568514467
5.184153362980605
3.406687623892788
4.618069444889989
3.5793583364887183
4.225010400077175
3.2551226550657617
4.337650869459636
3.811145852515672
3.585806290816647
3.583569627479344
4.318023422309827
3.424782988945018
3.4222928256749374
3.547087873830214
3.8112079091517423
3.927938451883978
3.515646756122047
3.760422273627658
4.517727684853421
3.840597710423191
3.8549783008148903
5.138417329175063
3.5451568119971264
3.1992802698150764
3.5321037443068493
4.740607075291459
4.46787739107409
3.3354118467266467
4.699353023603376
3.9145476544778948
3.2343956067792696
3.983947207302032
3.766095849606428
3.9110741899124903
4.397266147745077
3.189608671311516
4.047077644344094
4.058913801208428
3.251240903139534
4.5829536378248354
4.83810059228826
4.499775462832636
3.4351235420479362
3.7066357946927244
4.236161413975736
4.183827169845274
3.5585470783221615
3.596577721118896
3.482709290525065
3.903840076374993
3.430496986578163
3.108157955991273
3.380410360984677
3.790301998601641
3.2789470946963766
3.91294054255442
4.087500534073296
3.3476724210209174
3.397640888083961
3.735822784713144
3.483087222780142
3.32096904058742
4.842601859516332
3.3601061841151587
2.995453950131569
4.157248355980459
4.230785136138508
4.506888352688157
3.312341300870436
4.041589820303186
3.6420014568853745
4.594351439954853
3.5132126388228073
4.956356652598673
3.4133771928577143
4.066829566850037
3.441906690040475
3.8717744270943686
3.4563002418380955
3.563907088681221
3.6119761578791865
3.5575691073487627
4.865904193568431
3.535817809223375
4.234801010758256
3.5051314795251893
4.137798056953016
3.575137101048862
4.093196279342333
4.153472574909054
3.1050615398246464
3.257043051365537
3.555688604053362
3.582901381112638
3.289852757082137
3.5090601264264745
3.4520927176810314
3.509345622631524
3.238196941333478
3.716100729329522
4.242124357514608
4.093088411418163
3.5554696358168174
3.9962274980804846
4.7096887325839285
3.4192103010905575
3.513604728248482
3.0319555580329007
3.3028251948110574
3.065535701553668
4.032929246295367
3.227943075171611
4.885057297825179
3.39060372355636
3.5303754062684405
4.711321182436783
