3.326363599876379
3.2803214100168896
3.421176973128627
3.3754624962074495
3.401607527194401
3.3934462891364143
3.3131847692445433
3.271111963199134
3.4193333592125574
3.6966378635021315
3.3091148152469443
3.6869341601295478
3.3466436507568025
3.5361726884365225
3.300705024376231
3.672451677615366
3.672307491512915
3.317754100184773
3.5401518440408686
3.4633212183464255
3.2462330782849382
3.3051571011857477
3.3513766907953078
3.283002937319337
3.331082963801739
3.3218717159327946
3.3271477671592007
3.3053771221113837
3.208046095339605
3.473865002945703
3.2103096942047267
3.31713691894823
3.531830877407284
3.688867421158361
3.3521993400998213
3.4046493285691537
3.3308200694881824
3.664724786346387
3.1744952710750036
3.349692986824736
3.5218738062882387
3.427182818653635
3.69398064061192
3.3411038767866064
3.584835952094398
3.628583061298651
3.5751561754415775
3.335723039608845
3.574621527828904
3.6231002176295486
3.536291064478207
3.3063689380327306
3.7629463180436753
3.640669782315518
3.7703240276671752
3.6004296365897486
3.310560873260449
3.676667063928577
3.374339089195703
3.552061887413477
3.5872602464607373
3.6348147253558416
3.632973977503708
3.30936110087693
3.2561563476489597
3.4449675759552076
3.6946091145930198
4.234683997809309
3.372295231491168
3.6205879873257114
3.6152529284646215
3.536373170455072
3.7573260957521915
3.7003863740596996
3.2026636326568707
3.4112085282162763
3.715286032345729
3.558292534720972
3.587208999705075
3.746230899425356
3.2102635646213074
3.6883172623116076
3.5313341557142732
3.5377749809321983
3.5521615090918672
3.5994275554485275
3.779053511885204
3.6571638225550633
3.5926194476369937
3.65364816100745
3.4247044674797844
3.236972988432667
4.31834041555276
3.5579527908829216
3.6259919521533774
3.5853099366986325
4.275580510997087
3.71470926852778
3.3184278530863636
3.465637548416108
3.366826499031223
3.191138208121413
3.679426226494995
3.3911503600009207
3.915612255669567
3.3617885512848096
3.1371961615969797
3.227249927846661
3.1867723509007115
3.0406945485699564
3.5544233702865964
3.6240711993430543
3.7219727554619286
3.6144175190762335
3.21275455868406
3.3255151167541612
3.770768026379525
4.301599098372746
3.4304667106275204
4.2146298971539515
3.3081156323274334
3.647561472612412
3.304764777657261
3.2940639069740723
3.743182092730351
3.3116785782592433
3.5678179128496743
3.6072565822306744
3.685887166640746
3.898854068220052
3.968639819485542
3.368465202494737
3.4493992480594793
3.2550725042438806
3.48285071501634
3.535709476966466
4.707735225379424
3.023173966258586
3.0450043933877526
3.7112881451566597
3.5749922353788595
3.381558295599577
3.5068531690657854
3.6856822808707626
3.3374436176431606
3.767845646627638
3.640178161758477
3.8270857787693244
4.18683294762343
3.3548708532280886
3.1864567339761236
3.417892265789666
3.398648695925961
3.6185425589265012
3.3081949459299387
3.5368806239293296
5.239309367963775
3.3676991157460905
3.7372315817713977
3.5354856010140225
3.341733074364841
3.6738413964905354
3.4232727179327207
2.9871373181537133
3.4014190986564046
3.4136832472586223
3.411586870449602
3.385413379400139
3.379352254895945
3.9955552148296474
3.730785362672968
4.430871165253711
3.4218286765023476
3.3649496983079077
3.3381210211467263
3.520910904447301
3.6302101501843875
3.3596684140457453
3.358173783632206
3.4626888743805595
3.1977999146132747
3.3021273021557964
3.760569212504866
4.574996859245953
3.788444804296013
3.687793452426925
3.613705070833532
3.3631452245255624
3.5580128255617938
3.4558352614425525
3.753567603713964
3.4899608869539023
3.4127007978024215
3.528520889986684
4.322045736376957
4.3421470553940855
3.7121461094259876
4.557834336794386
3.329653152534968
3.1579121069743676
3.4022745798847014
3.2549922313206747
4.636491992815537
5.380323516400023
3.291723458138505
3.5205089821852726
3.8678034717651837
3.474577598525683
3.409081272312713
5.3519802351597
3.228388667876775
3.2936982499359364
3.7389100303515304
3.400990619218257
3.25641170279635
3.4384679193331382
3.4534659267539283
3.7240226386844677
2.9681139139957824
3.6961464561006387
3.868539017116041
5.546750666248379
3.4093066891564634
3.2850506353911464
3.663723996402957
3.150404891190065
3.2716412885909514
3.5747892178912495
3.1607026327974577
3.8104457811844985
4.605585490002674
3.4991113531857563
3.268133111706539
3.923639367599479
3.332484564338711
3.5473588227857826
5.085785710939441
3.540150137303674
5.416424823674397
3.302519664434523
3.401117353920893
4.655928008151432
3.648657167804235
3.6297599102479987
3.8023616214385396
3.0426806470935452
3.51780490379897
3.4931375561005793
3.3657791601446516
3.7938020391091603
4.659845707677875
3.0447158207801133
3.783169201787357
3.3000044765749355
3.678376755348507
3.438423050399368
3.4273626105886628
3.2278801132961834
3.665752979235412
3.155768270778432
3.101710603692715
3.300961912309545
4.092716340945681
4.343509502664205
3.227459755452838
3.3567366518764827
5.05344729340973
3.8866023526702933
4.196419751428727
3.5231184688839052
3.7232710541038436
3.2939715910955325
3.39497391849334
3.7901114351303273
3.6260766012784647
4.830294745686741
3.683155294221025
4.331006206420811
3.4185559723588637
3.7034360931748123
3.424570131808459
3.4203588768310764
3.703362328583607
3.6281243122660003
3.5353197780992733
3.0097890738232085
5.368990475040953
3.567361115857808
3.216724573681648
3.3746201737919135
3.3368196480447567
3.3112687033605077
3.5984826782579233
3.7310898426035863
3.00075044835842
3.3337997233321635
3.8739144674179093
5.198588167551316
3.175668445585708
3.2463386303778416
3.97470234990011
3.606980903151635
3.627443536970559
4.2049242365152235
3.5353495839818665
3.5194676560835565
3.5342745095432746
3.296169692498883
3.3020361979207133
4.146691531244046
3.199084375347968
3.5259267799203857
4.558601085618411
3.83314345815013
3.668476830033486
3.5990792494953623
3.30947741061606
3.0166913009083594
4.409418546887153
3.149812565861935
3.4253627662685715
4.702297499216357
3.1341299444088695
3.343771318731893
3.123264599065694
3.601651089789931
3.408915606438662
3.2567192705255694
3.7633980005515038
3.6105548381825514
3.555867738628554
3.8223702536093214
3.2908280688260803
3.2008089404249707
3.8511355247922223
3.5644154958817427
3.783803904801251
5.429058007678713
3.6520692288110226
3.092707070749593
6.528934646134518
4.506319633598891
3.0793187893591605
3.5222512615617116
3.398770990983483
3.2235517565299703
3.483959023566031
3.659541704465623
3.44039907387732
3.400852539924586
4.321963240728463
4.928337199490231
4.076116104939958
3.463304491236129
3.1475216207367605
3.334185679725752
3.863705921554561
5.4039713850685445
3.7530859743821994
3.480931407973246
3.8525789118611904
3.456119505832573
3.6186423731744326
3.5499380390543034
3.4409150910823874
4.459013924552334
4.085616632425748
3.634459017407768
3.3696219122596744
3.4424418014447773
3.404213663899411
3.3302709307553697
3.3011412307367882
4.5968553236042435
3.9058483588859607
3.33105914953217
3.3990305705556634
4.938553122062143
3.6033364485673047
3.799750442769713
3.54564032301593
4.9714444718944595
4.418889819790375
3.4810554998248002
3.0537009301285254
6.4192889034867475
3.5919911426428484
3.5722256698508135
3.055443706137176
3.4402554380600265
3.2231508207630215
3.3794234345969354
3.7531075995924126
3.3969421923307195
3.767101231178354
3.265258070525519
3.211866883789777
2.9861275539089465
3.3674640674083727
3.0622477577977794
3.4160143801219665
3.4392867396524864
3.551001402962399
3.3960190836832935
3.739710815333654
3.230665820833649
3.27090753400867
3.016996052345653
3.3509576270263706
3.4269829796733373
3.3820677466645575
3.2054209924653443
5.048050841561015
4.206296029363067
5.661605208163958
4.068582070363896
4.701696480373599
3.0836163090701194
3.5299112604807483
3.5779248278251248
4.636485663415117
3.74268292429304
3.426111638967063
3.707256172017402
3.090359709990669
3.5209864476288275
6.218131235197535
3.659557795961771
5.075213618450045
3.2141826588477187
3.451952615638439
5.227608494390315
5.101747958010598
3.555877582301743
3.908117198486541
4.9112536304084475
4.32862544766064
3.2578629603545544
5.177614206056449
4.437492751268091
4.7067436039411765
3.856949873333637
3.79969089176865
5.092271085165093
3.8166967364913025
3.5907711935773214
3.9797370720551273
3.42989577980653
3.6349632106822614
3.3564578787200863
3.6080486947472274
3.1841083315390213
3.3936342335425778
3.675443876973596
3.828443540950414
3.240245322025965
3.3999485459703833
3.3215133541006363
3.7269860137805684
5.562850946578555
3.8254575015440095
3.0828486344015955
3.109714133267837
3.201391622064996
4.819779243512434
3.8097175429780843
3.191485564639639
3.4249147900056984
3.607803108299557
3.4253993027852205
3.4108255993467846
3.972296343776061
3.3404558566925218
3.6508321295153294
3.688298112357397
3.368066599432601
3.7368941740456063
5.6561011898760745
3.3319899966550777
3.235800143489037
3.2022551856598787
5.643845126489807
3.7647360346679477
6.054664746973859
5.470490224350264
3.4529993118392825
3.4305655793861733
3.429855847894602
5.241239854676358
3.523102608594955
3.294243919851982
3.784150459147232
3.9001648821013544
3.8069020928140294
3.8179736498464245
3.623714616328487
5.081097509101762
3.330179920906487
4.574809294814086
3.3255647075181343
5.76227732030962
3.439757604415359
3.507719973439258
5.301432293309694
5.783421606660008
3.9583339477599755
4.826892366521129
3.6608096851768135
5.724115919241826
3.2223948052743703
4.899846819501869
3.656712083226279
5.411926912591492
3.0874713437709667
3.552371653212657
5.313968730666081
5.026495872531668
3.9073063163179955
3.502021130798497
4.392346053872687
4.906374682497786
4.208155002959931
3.832394622750967
5.2071243921095824
3.640728919911531
5.793735896961443
3.4059211748522484
3.218470430948846
3.7720146385731765
3.224475186083503
3.3014850243275813
3.285990563740018
3.6083754809158215
3.825215235777778
4.037903496547972
3.345942247498465
3.393335768032983
3.346416116632947
4.4811431501765275
3.592242744660247
3.5559129095863837
3.4549721829892857
3.243198937301819
5.804592292317524
3.659150306401582
5.043702709994126
3.608228497693788
4.678177863289999
4.965009419256586
3.18785303276116
3.6998779358643867
4.709097999116773
3.1833633701794284
3.3214235703302077
4.407773906785053
3.5426243329031983
5.624315419368814
4.4648271374429624
3.1810631500035824
4.926686960658685
3.7133008320101935
3.083029747420757
5.086253774793704
3.388163383823122
3.5081293793727544
2.945812381539441
4.342300851887612
3.884068763310856
3.294544606565196
3.7253380912694127
4.647934572035214
3.0562584650933973
5.277665299176049
3.4047499368689773
3.2301005599874917
4.7240497026537245
3.361575298562859
3.706128086392119
3.073516633855089
6.069103057246462
3.378051861943649
3.834334252343383
3.7971546022580855
3.8642625242866537
3.652949202878898
3.218417653253507
3.3047951446468877
3.1661042088317246
3.2752065106342503
3.3006867035313365
4.692656915063452
3.071693367424812
3.544195734032717
5.240378493776165
3.5824356092119873
3.5736408752969973
3.825705314207229
3.2993501701678127
3.205895380866326
2.859183885592631
3.403855910705164
3.479001196554145
3.6180034894034683
3.173516247196239
4.215859893723161
5.034491437355291
3.482585342598379
3.8947570182545044
3.7715992112022287
3.6492859802768987
3.6383750602415224
3.5028703390533127
4.435386311931636
3.0517025450146127
3.4104895740588974
3.549863203981965
3.759366496081659
3.2364695062567503
3.6297384430643302
3.697776157516855
3.096645770542867
5.142015450485573
4.120452464800666
3.902094748966963
3.114731401503165
6.006557455477669
3.2892419070239027
3.749691051770169
3.597748267132341
3.8720760420053795
3.034168485631661
3.4805622434129595
4.271880975418764
2.9914513439311525
3.130717246183
3.552176814913227
3.6901009944455194
3.4319815321906613
4.945029787488812
3.5602485976359657
3.895407487642147
3.1128702152712013
3.5916679609379223
3.611704887300378
3.431699126043399
5.001892281089338
5.45302520442783
3.7197439015866998
4.144116862848367
4.935611013750213
5.43509419284963
3.4855852846065405
5.700051762537449
3.493737139590558
4.723408515793619
3.1843386449454214
5.451720148747067
3.746448950685518
3.7002201320085852
3.5262982673164904
5.257053157729852
3.4178369068046024
3.4486381749608825
3.5040140217700158
4.274984211812542
4.760914933828874
3.5280559836221874
3.5099242227475083
3.9574179861939225
3.01783278129586
4.001623006759771
5.580397788444087
3.2648256248898115
3.477894552528415
3.5380637790789127
4.059080755340158
5.6755212374827035
3.1025145835777694
3.801557411254142
3.1278733499463227
3.371477838560088
4.379384909628468
3.0796575361768412
3.1271019890892338
4.1210305450274936
3.1408229543970427
4.7727161807736325
4.777182833282948
3.0976463730352592
5.602660201106836
6.011931220367829
5.796982437118682
3.7500210880637606
3.6715515263701812
4.810337919527509
4.824867074130046
3.422106014596652
3.500516855245559
3.64653529733404
4.699213098164552
3.1887412080980093
3.0412863317908183
3.1602838595787537
4.1660587079556315
3.3222072586142564
3.8629327629453165
3.624803321545479
3.065202356607838
3.553140703898026
3.205555654225657
3.44674875347382
3.0300800419239042
3.2893527981668855
3.262356643591272
3.108527775919002
3.967718405315876
5.058240602789763
3.6110423012778017
3.1429053150190605
4.326936068225493
3.531202997762616
5.522858990291988
3.460588112357345
6.063419449168533
3.6446546961266564
3.519559470543808
3.677584736836067
3.283794962109713
3.1090362072292965
3.2890371606718114
3.5625722969501488
4.222678148804339
3.72892283295175
3.1355109938419083
3.4211814534854708
3.6326128945970964
3.0959068363892372
3.3340940142087705
3.7093985424494473
4.605792591458108
2.9596848101815088
3.1770311123831654
3.185850801121866
3.5600519572383056
3.072021235964933
3.7207719847527176
3.64937541450745
3.4753046545320956
3.1422511287976875
4.518247481570423
4.899344211985651
3.664258162733489
3.2233697140730477
3.2445913464322693
3.816274275968378
2.9722461184909235
3.6528262840093113
2.9080925600009375
3.464751331876973
3.2346396368960644
4.306153455829066
3.673946784959627
3.919161091108877
3.169429412824885
3.635036012036788
3.577771590088983
