3.2691335930766634
3.733731734570388
3.315936332909831
3.2750704632011844
3.256398134759152
3.3028569928994918
3.2323556784147227
3.823856134207191
3.261239089754132
3.693019756039457
3.2140622551783364
3.5987769002935286
3.721083104947664
3.4634775402032396
3.824781286072434
3.6734261915292077
3.671755009419533
3.2424830100898343
3.285626554134122
3.248786342700196
3.1762504696891316
3.9155596196445517
3.2287181944747148
3.915597225594321
3.238205365943838
3.1894007773535358
3.284279785840945
3.2505220614808747
3.6272878711005525
3.263417516833302
3.231361799307666
3.2368641418436335
3.3095160937689907
3.534616969387515
3.87578981369949
3.1922051116226067
3.2084444208418197
4.875599618765338
3.3051729080670333
3.0967756945570963
3.183592174863164
3.2783571616984024
3.3536705932804223
3.079660393601486
3.181963365229386
3.2196578704644225
3.200265251519626
3.3142243705611083
3.318015448533581
3.394255622762808
3.232285121014067
3.235449269486526
3.3542413711335435
3.2057188617134873
3.306668632357469
3.2117197056294846
3.2873494624186765
3.3528915289165857
3.444732040939706
3.3016376376522265
3.2575084592453756
3.394442593710915
3.2990241643057514
3.2466290289419097
3.300024473840794
3.2838461064280526
3.7550236010955116
3.556858255590205
3.8568178680619285
3.295799628989733
3.2204864911658633
3.157153390598326
3.497105999348981
3.416437669925534
3.1116174713014244
3.2771913965816912
3.3445233662881435
3.2699417965176902
3.2876808006570237
3.3514365285410346
3.473759658657486
3.2693077770705257
3.6619367654111024
3.284684976334123
3.3387893617700874
3.291205707034457
3.596772381364187
5.686682938034732
3.2986689708885097
3.2066498908471877
3.560328863558424
3.3314069997800364
3.562499347543289
3.4702835887396475
5.781917599366533
3.1445343290206313
3.7339703297335927
3.285732784561912
3.329104073079818
3.2999962726423018
3.2412924379641868
3.2776343229662004
3.280812987491821
3.3329135178028144
3.434878811207454
3.214102922712293
3.2510265859006067
3.172542968759175
3.0905900246351563
3.277403456011776
3.371702533934319
3.300647838152912
3.3062864203994744
3.5121135311365466
3.483399630447762
3.3834111426333187
3.1870401031946276
3.724047432987412
3.254735013336903
3.5703941032147224
3.237076760048862
3.6882449446481154
3.3347687962850605
3.4115359739760214
3.324804112215571
3.2745229845853405
3.2166857560807656
3.1474218924032504
3.1697143779402444
4.011220139487178
3.4257209531222474
3.714996344584094
3.27148398058838
3.99475277211106
3.3926427726783306
3.40104886825395
4.360545053548987
4.240831567829812
3.23264470938544
3.6390706506216652
3.340013885696399
3.4201041054071393
3.2089769631987908
3.294023089263433
3.393051226747609
3.5834718145159625
3.4299463869164795
3.014899186787128
3.255945498872311
3.3702492305358547
3.25255219994787
3.57488052006623
3.250016732232644
3.587333088313502
3.57518229432627
3.3577781469192702
3.5789073158822946
3.2451854502623263
3.2691152062698627
3.664479321891519
3.298648611878133
3.6534596192926405
4.025340252445929
3.4742766881811136
3.415545238798418
3.376461504136399
3.604214073749633
3.215500451657183
3.5315795720859295
3.250645024503404
3.8476680677229735
3.255171985327396
3.4370929969433868
3.6304218431170074
3.4738496988428396
3.5699802013984057
3.388607846375132
3.795229425951139
3.498269475055066
3.182549526061935
3.3997010733303035
3.191657133299652
3.1952169826029473
3.8032222053454348
3.1683558777229734
3.7444456991339408
3.444722711347887
3.487814175544072
3.225606957052295
3.5954307456633785
3.7599788578074262
3.33333662436159
3.643569732929678
3.331255127720963
3.6048101467740974
3.6532710611825854
3.615187502858653
4.503651401449924
3.1750578616353744
3.5860959392510843
3.2678867034974344
3.1585506422938847
3.955635967660869
4.456057573551301
3.510466601200518
3.3695675094764055
3.6938500779845516
3.6256779155802126
3.1228556047341085
3.182728157807971
3.1514930639249825
3.14393042983461
3.3018521318995457
3.282670729916818
3.353770668896865
3.322473336577083
3.283591895364327
3.324090992584186
3.2882520954396166
3.33237352129436
3.5902388850591196
3.0240113514496985
3.265696233556908
3.094658092088177
3.1742842789247985
3.7247890738822145
3.4798191449151257
3.3079304534521956
3.1258246132405203
3.200477013493023
3.1908276551756236
3.392284948652502
3.632825788639667
3.52026096316782
3.141965229475752
3.1803802050279577
3.43540695960739
3.3813022573113325
3.0879174744670497
3.285029708929562
3.151058864941043
3.428470690045069
3.4080716995881914
3.1940825364748355
3.7589066454324094
3.1861863023130996
3.3140930717478287
3.0703847768783277
3.544878428088598
3.54986735926581
3.1966469367379657
3.7387301853261006
3.3665495570887574
3.7184699013494993
3.3931226735955833
3.4092349174364234
3.158797889337495
3.6301291844733448
3.7127201673928383
3.5315265973502283
3.450277935068112
3.401481947812482
3.2807075190931005
3.2995883221952997
3.4601167125480456
3.398767282268555
3.655320807491421
3.7069969436428525
3.9637551006844074
3.252435400819407
4.276527663630959
3.3015096216975284
3.367977657267096
3.454715128184848
3.7735984175448247
3.4118890540879643
4.218419807321168
3.6306564502093277
3.6626605811272315
3.2330980912559917
3.3248595647659513
3.2934129719579897
3.243665913007427
3.6361003061501256
3.1869654032099612
3.5449885495549847
3.1039041877237086
3.0584412016841114
3.292543896180419
3.6423454171395955
3.613897195524805
3.310938637457591
3.8413853310939388
3.4931407467681215
3.6402844878347507
3.2711737321135406
3.331781793650436
3.6255303810523136
3.512325242765518
3.6668326047309954
3.2465616905008243
4.855034482961789
3.515783817045627
4.3902906902607794
3.2697603364424426
3.6574946036901776
3.5189466886196543
3.415086299962452
3.231773101096913
4.176754694807623
3.2409216908106346
3.560380875790333
3.509331365426209
3.323940533932684
3.397650984563323
3.5296861500518704
3.099483136484058
4.612866744375613
3.1840369253783507
3.306562809097599
3.4428424062634093
3.712615580284785
3.5732391200825835
3.4125199697802224
3.049838190202798
3.531126437004828
4.539940211572566
3.1727759630898733
3.398675243015904
3.2740364358235836
3.354053052383165
3.318229022669276
3.324611148095721
3.7701031035104453
3.312832908237696
3.362927491053818
4.860902816909247
3.3601161260789536
3.309570138010421
3.0811378584898774
3.7144650022571724
3.1885070018707258
3.279283344834525
3.104095052305882
3.285547759515347
3.2309351761181317
3.3248938024095587
3.3951146864663913
3.387868155165692
3.2060580682336335
3.7424869481249603
4.621727019644785
3.8459137020926124
3.7313969606120736
3.1069184290367318
3.104060415801423
3.7262514620564584
3.7837003206685815
3.2652532410901163
4.029870193733269
3.086409521432609
3.295824018753696
3.3847815865669295
4.226140435470111
3.135673175291563
3.369863842283746
3.1311594152498414
3.14978889931354
3.497832222190768
3.477507327040124
3.3073513928238722
3.640425224399837
3.160032946949399
4.445940037901957
4.075753074185787
3.1694450571664694
3.659186834161107
3.2159686848751416
3.3754306680878523
3.4683753481040207
3.4678953712423843
4.102667924239746
3.490160943775534
3.0338856758979658
3.470023637756114
4.211830054163383
3.211208845174102
3.217508651638741
3.2208216524795894
3.1675870422171677
3.666632979407968
3.209464490307016
3.7956986703868543
3.088747266685227
4.047964508088277
3.3737461923181953
3.2139388698939495
3.6158637213156783
3.704591503247329
3.1574864677257017
3.3620324173882135
3.5211517776551164
3.169816869180958
3.4521120490831336
3.4428198973737603
3.4527791134284707
3.624650651511193
3.522781337595891
4.31662995521398
3.025799458800202
3.274576866378629
3.3891468240070566
3.7699599953654284
3.3828941093928377
3.683907442617962
3.8220321253910363
3.4522537758872116
3.5991559309643586
3.489148088248715
3.2605347683667336
3.1940633162968295
4.046163459839619
3.166031183589597
3.1576240724406555
3.2168755602339205
3.6411458343317564
4.521420856544239
3.6117282015121477
3.6095973970944186
3.4326941579844945
4.13871333770704
3.4726476832640407
3.277826199201804
3.171068548256527
3.5271764905703953
3.2679587766244707
3.735325144487759
3.3400415224624966
3.450000761053384
3.798959999934193
3.4817774021715264
3.2088604719384874
3.488354459154104
3.1386608199181065
3.2802049380880747
3.17536097396576
3.1685124074247595
4.158150464056693
3.1214896551928057
3.2433565494546728
3.211312609725492
3.399880240947642
3.459394901220932
4.817039178211998
3.337329285296039
3.443043666094069
3.38393358284544
3.421860531821765
3.615512999750935
3.7115056100705415
3.1925433872858813
3.2946916104577575
3.978758548229414
4.050358568472024
3.7120162780081962
3.532864525962145
3.3278319316693272
3.061536924184895
4.398537738140437
3.188810861895422
3.303117479443137
4.044311849053187
3.295934747542941
3.3521024614111266
3.236434380579108
3.4497329578916833
3.384590873002379
3.3583410393485478
3.2399288992960065
3.1911442547231483
4.719404596989004
3.407520850497637
3.4388195593435835
4.125107120113676
3.3933075182758534
3.3613821252045075
3.03987194125786
3.040881390938396
3.9872252466831433
3.2410643483715837
3.7044694684783175
4.299394208200419
3.2242825349798263
3.398874303644282
3.26520342206649
3.580201349904872
4.5891335694097695
3.186689876612766
3.2899538744744725
3.4049358669224485
3.520670878784383
3.7688378982477673
3.0938739528526282
5.1657133531609185
3.2494301172646605
3.838071162196302
3.1911602826821293
4.49562974182343
3.191780046787475
3.396561662885833
3.473788656159694
3.3829973679787644
3.270740769288446
4.580413042596037
3.3822400077878862
3.620298095016705
3.6200089385991148
3.414964619948333
3.5487182112255073
3.488563250526778
3.5769140910739816
4.249461355904676
3.8795456662214702
3.3339294100182038
3.859940635872883
3.141684566556351
3.516459826619638
3.9210275693761876
3.504072136535735
4.490973805380286
3.6493488661113718
3.7897533956580967
2.9851843745020545
3.294679889022318
3.7821916657492602
3.2112530611593524
3.4517599208448697
3.5308385785436958
3.2889228584882373
5.012238062081903
3.165659034872194
3.4955434467300703
3.3429396492767904
3.168398771790744
3.57920009849499
3.936720421346851
3.6039483524504616
3.441124524315457
3.5604507677204302
3.702970829970746
3.3662379620821765
3.3958679337518336
3.1216043739961616
3.7484224881583685
3.8751755294967336
3.5574843376156067
3.185271548528931
3.176674102598111
4.426887513099298
3.242116637984263
3.4070297943148597
3.5419322111032194
3.472825048278911
3.501376367910719
4.376591633188252
3.6666780238475702
3.5048274155450816
3.7628884262006457
3.8700061877858434
3.55440615169858
3.1680362002760956
4.927706515196597
3.3561317137240887
3.5237373717141187
4.5047094673059735
3.5836184239866613
3.4316375015765903
4.096567377087544
3.2205443570011205
3.605846533524577
3.8460675521034604
3.3171217317450754
3.560289913137992
3.0705639698742053
3.5689828209007426
3.3688923022211545
3.2962675886448927
3.10529307404556
4.157304374380864
3.177615115389096
3.8704716491205793
3.610395298728217
3.4504347237969926
3.1490133417440376
2.986376004690421
3.3250953390714337
3.783099126601033
3.820207975560508
4.481823671126763
3.6420180503490744
3.249712832149343
4.669979945564496
3.4684092859819584
3.127661658845736
3.636410021622285
3.208269778945689
3.0690827777482226
3.6159682799289357
4.415354513113903
3.256458693197649
3.278470967897925
3.431959561546678
3.6474786981274328
3.4188519571388234
3.1846062108489495
4.2726289740337124
3.8953139616500083
3.5116281440164445
4.4005834387675735
3.4525188753730696
3.4630519036269174
3.5308973100771697
3.580541348920094
3.3414935603116738
3.498661471535514
3.5784689123293525
3.170261468145589
3.5009715000102957
3.1101665356871235
3.1789610554487617
3.1564946669556067
3.9808785041394232
3.490510248911843
3.621073643683845
3.484985020293517
3.3560662000240704
4.565514964869359
3.219253444867763
3.5014842459599205
5.090220988056126
3.028763656424559
6.226364727560391
3.48757361658798
4.88260423101198
3.427342887606204
3.621074156319385
4.163968079832864
3.0752641320878067
4.7205434223302385
3.5134407927723355
3.3685812855377932
3.5173415414507936
3.2552429154973117
3.189389243972304
6.164696562015919
3.796605197068131
3.1316340925301125
3.4305346471745857
3.436023882279115
3.11119486265886
3.380034498716735
3.482158316372135
3.2482146268587835
4.121175184403139
3.3815251117994007
4.595500891429646
3.6259986521950927
3.3444800748818913
3.217574711136643
3.615899707174891
4.325927816513545
3.3243951376882164
3.4537281208508244
3.2184644280794705
3.027790891709163
3.4159211586400913
5.0447752240592845
4.830504744704741
3.501375701176788
3.5854228627900007
3.398829930654113
3.718640504797701
3.4387243133407495
3.5843170470982213
3.471414211795725
3.6790279649186957
3.470280035386802
3.7527091117106615
3.265928082182219
3.2291853193450857
3.1251077270151866
5.479278972279815
3.6067442329607484
3.358271384655128
4.126970982972536
3.4862682410508103
5.72668832554436
3.4757832435879283
3.3545647707402955
3.4383004246892033
3.5308872477163726
3.2594845739730394
3.3481994778326287
3.4720981700408826
3.199206668801449
3.310850136689516
3.4496447504953496
3.555000851127427
3.5371529466691145
3.4800769312917037
3.882784860181017
3.298628852993778
3.5135506574805966
4.889000543525016
3.229403670377226
3.8171653235597596
3.5394566427740255
3.0130820437589154
3.679993663361045
3.249185847600719
3.1077892603735173
4.121668721980969
4.293834246785096
3.1015561179912954
3.6414102727366253
3.21164287951627
3.520878212307754
3.4049966485161107
3.921861659284657
3.9509101484709097
3.6825040965900673
3.5333655863062914
3.0049242844484603
3.305340535049732
3.7676306264755866
3.2211632614360464
3.9361010779323884
4.204008847642953
3.0157978395291947
3.242890322843922
3.5112960532124307
3.5882222832256288
3.469676606397744
3.396116616030651
3.6876949285389253
3.381621684658537
3.1520055905012327
3.4794165437814515
3.2001268484312724
3.277037438067368
3.5656400502451655
3.261238756947126
5.221545349864024
3.7266665840855016
4.300442740125741
3.3159038105832543
3.303425610746463
5.317722444507853
4.460103594268155
3.6853718976564602
3.9893702421324626
3.561680932609736
3.637852669787719
3.072727306392817
3.363505454995258
3.2288496639846764
