3.137911978338602
3.8365297537057734
3.2051414719813027
3.1266853632841456
3.0705365029875433
3.1450849476239213
3.0522275411491946
4.053909451529202
3.0516821176714055
4.052404029399379
3.11996569081567
3.8848165334334457
3.800600889451159
3.6337860716470964
3.9953354929020573
4.016548973972063
4.016732610431576
3.173575226033832
3.1542676802848275
3.015942109047622
3.1223911954948655
4.1487858217291675
3.139350511439687
4.136447835848283
3.126459636718086
3.0526860397299305
3.164852233723426
3.1654033182046826
3.684137323660973
3.0600682792519143
2.9970190782109616
3.1621843828682277
3.1148363889722597
3.670395339958462
4.088428731439509
3.125227847512255
3.1013732237393405
4.866994040633065
3.1717228196608582
2.983401797738989
3.0897681355835345
3.15990850591686
3.282301525418362
3.016806208617634
3.1567404637888017
3.216461235084698
2.947020693658203
3.3105130481117233
3.2205908800526286
3.263606385888535
3.2433736774236652
3.1657619405439847
3.248653922955007
3.16126326787967
3.1513398246140496
3.202458549807382
3.3873207097715046
3.2903753191329113
3.1706144080725926
3.121232263377979
3.0867659041357784
3.6727302733144382
3.1460219543015233
3.1253735721567524
3.2564859195607303
3.1634122234581987
3.817069955250503
3.788544328902903
4.009395844697742
3.104614736121135
3.22165647362178
3.2595174416229216
3.5791520619411132
3.4051130784241526
3.0981902191292563
3.0527776354624914
3.1733083908521222
3.0917804996666263
3.0858733325681333
3.126528636801165
3.4491122727786157
3.0569133355221236
3.6378415606809575
3.101893234016976
3.2200589787433898
3.1453284336832037
3.732279347930174
4.741080834735278
3.1470873914399715
3.214360564305825
3.9762568213146823
3.2175443385336298
3.737260953997546
3.2480188039314855
4.860064323570865
2.951831223718576
4.013769845812706
3.0738812382500544
3.4917260783780164
3.1623564632740013
3.2091488159373815
3.214780256334916
3.08900369588253
3.45070855214744
3.5998277074008205
3.0584818286401174
3.1347290067750455
3.059155668965344
3.100759009636568
3.1575898970206002
3.318230074357128
3.172531123728326
3.37145695623391
3.668276355225477
3.8825231524448265
3.6406076233020612
3.2495434169742357
3.961378188275568
3.194751786119368
3.7228871331256714
3.1515313348919003
3.696206759926666
3.1446118141416837
3.4675873116373173
3.3052607462037944
3.097951134994307
3.258193689872527
3.120395672757534
3.1815385160537657
4.272781649685132
3.104925760699635
4.254464322391737
3.1069588312287575
3.37011651889385
3.1909838194433373
3.711178646798938
3.5756176362275784
3.1987793316571724
3.2377358127202136
3.732432148823856
3.318902889225915
3.045314580753917
2.989972032684164
3.362316484735648
3.263374645335316
3.6057389662544903
3.5023709226833466
2.843340997895857
3.4848347475909267
3.1099476317427337
3.219197300411101
3.695717410974353
3.079096925741322
3.5405949560711183
3.239376091432095
3.5385659405080996
4.040797495402026
2.9820063241610844
3.3349357213703987
4.037159110383501
3.212513782923094
3.950237896915423
3.815792617939482
3.2000051181117066
3.595223594240544
3.370831265869444
3.779364819249639
3.2415678877113723
3.9413581399421576
3.250698305092832
4.309353394001992
3.3885053132912937
3.38468733275455
3.8774436368488883
3.2066552349775153
3.235719529978425
2.99909578648071
3.9224416051993596
3.446558178289861
3.1299287405102167
3.191172528352219
3.0694388322812256
3.236912069568007
4.106681610509384
3.136801008101727
4.234387110770398
3.5102215432888633
3.5250943714844927
3.1916657034258167
3.7941228958081767
3.2488242470344373
3.0397616651332635
3.8799531348758576
3.056441577120704
3.665690357773267
3.872938809234662
3.598118087735757
5.322069685143296
3.160690391038899
3.5712080828637656
3.185032522086037
3.102778279283939
3.509461078230235
3.7169631553136866
3.548672146458445
3.3626793261647543
3.7441830979909985
4.127091979983135
2.9873744609363153
3.2342869177574043
3.067693254254689
3.1523056102414335
3.3419561983909913
3.1765373993899164
3.380235454480771
3.0289040725737943
3.032073119469421
3.3727720929822125
3.334120907652344
3.516037221467323
3.5011931618340233
3.085666930005193
3.0823060817316326
3.1995380142340104
3.0389166118255466
3.596819325242622
3.155770551216622
3.0659416955424468
3.041773371427447
3.227237172747581
3.2067600745387783
3.459781343585385
3.679696321266668
3.716062948499605
3.2005324668104653
3.2237962571592087
3.2747222885045533
3.218879494980262
3.2700620025490585
3.331657186167027
3.012670345634338
3.4826870763034017
3.7262526832822473
3.1033447670195105
4.35038655853534
3.2288624465374736
3.048700581624018
2.9221504908005342
3.2997185191374045
3.4325308917082586
3.210163944033286
3.276074419052255
3.576777890854734
3.6086771535400888
3.7107988527918914
3.67224658863131
3.1558012505669852
3.611461726887156
3.7672403613677
3.440623802763145
3.681344284593897
3.4069302579624132
3.4771330699822407
3.4787556923465566
3.6089122251945973
3.238385018756454
3.8576358515119544
4.273335461533987
3.2356199076318486
3.0235787331987045
3.2256500188147386
3.286622816650008
3.6223660041064862
3.708425847861224
3.659991485304234
3.3373617361753167
5.2604499984525255
3.876072010291637
3.705293094918698
3.1120536072896567
3.043313959844421
2.9978185895048344
3.6034218984818556
3.99086729965295
3.0934467187486425
3.328226067092406
3.1793659030425845
2.8827440453807576
3.402548531330524
4.0308565828498555
3.4256405398082252
3.2521733778839836
4.428371150424118
3.1705992088016965
3.267083985597546
3.3896312207799215
3.4123901142490993
3.7620823488918798
3.2642504664126797
3.487917739282779
3.445487701575613
4.640435964266087
3.4290100967671227
3.5287836179282115
3.313973652162316
3.6617834794951225
3.2726798373075825
3.475807892328676
3.2049850393807553
3.1431767177785965
3.289433094190787
3.765531514073638
3.98327733964598
3.404370008354384
3.3346346605739496
3.5785156207242266
2.937583580806773
3.1022808513371447
3.249601342592855
3.265195767995855
3.672777977440383
4.017208228521286
3.194731779461995
3.1362535531232787
3.080293473975712
3.791666908671431
5.968609271035515
3.183812824248044
3.8255720137707567
3.2776891325578044
3.4959862715758816
3.0913261312790885
3.2073467057579452
3.4551963554612555
3.2743658470496726
3.273085443438047
3.6315423708525394
3.5613153643660826
3.3164798032972467
3.068036255510096
3.921701922886486
3.250153058554952
3.206320297591229
3.1889128468531838
3.1346314993634885
3.1214292201048406
3.0982692860028855
3.669482263017025
3.400305341535142
3.1454309980274386
3.89960083466792
3.2953375707191928
3.9124762143255896
3.6321247142181923
3.199783506211926
3.0989300115599008
4.161857259572328
3.755051184934995
3.226359216389952
4.8804731467637135
3.0920531890452945
3.0188387681436217
3.538669587668307
3.502428166715075
3.0763997125415052
3.2221405507985756
3.33913487410142
3.1131700704984078
3.770232332630362
3.3377344536542846
3.1388734649733427
3.6898877146495646
3.0163349763912164
3.239156361380158
3.8829062734972744
3.308275411491884
3.5116329676417783
3.206944101761927
3.267109631533653
3.244097810696019
3.047082594834824
3.72196662581442
3.8199452647301646
3.0963056149995887
3.8358226826324033
3.4307575242194495
3.094525595467229
3.1909070989687445
3.115603756381334
3.1244425970925604
3.9956111354999018
3.144374604493082
4.420144585090521
3.1656759782597486
3.2335977939522076
3.424343721485126
3.325447607413226
3.2333629469063037
4.100995973230737
3.1139275715182477
3.363494036704618
3.24915804838842
3.1346541211900667
3.697034192620759
3.2516921324414456
3.221787221891618
3.3290494239725708
3.3083301335192554
5.317006631126177
2.926789804898368
3.1656691896528146
3.6455594133445817
3.8587052209551613
3.126377264166917
3.6302451420508963
3.870433140735255
3.913700113512484
3.53943742713429
3.3502044045483443
3.1531456660244883
3.1748577673372345
3.214029369442801
3.120088364367709
3.1588006296672653
3.3795734778759243
4.15283450040341
3.8363316930482574
3.5350710032290724
3.28671809588161
3.618653210274938
3.209147845684609
3.052703206524349
3.3264562293221998
3.143025641475176
3.1248917502929037
3.311693536396014
4.1300504637085504
3.24016962899826
3.6566647222469286
4.144555716013156
3.191209875184603
3.2877027931274623
3.2597273548046326
2.9882930702580763
3.4992665122178015
3.2669685817712035
3.099359260969751
5.07397568365849
2.896933679358401
3.183450105033048
3.231383041918092
3.0933070237264677
3.562778463536187
4.622098607257097
3.4419043125536586
3.3491709762423665
3.3860739630902543
3.4641400821641
3.3596931559879595
3.7339242488502706
3.2228962737976237
3.1677064266100796
4.210493203533792
4.741572398126886
3.724526587747588
3.2882639375713665
3.122532312983551
3.1089716482532794
5.141528345018131
2.9780167046723625
3.2713711245468624
4.917099815861684
3.2870903265917737
3.3860673769971164
3.397204331531748
3.179980912166377
3.5457479791522393
3.555131117508804
3.3714936683620187
3.1197852494418328
6.27037162629141
3.5877880083501315
3.5708318766185565
3.2946171098599764
3.037254841366623
3.3261776446827955
3.0054551419121194
3.005488827145217
4.023346611059135
3.096129178664604
3.4499314400682644
3.9489632648457067
3.139699745424092
3.711058874393575
3.5194924508701217
3.14118142830226
3.2342836909933625
3.0395096855442048
3.2042417983698375
3.561012869772242
3.87965775730412
3.611098751756946
2.843403951058071
3.9314132374053403
3.1052253757828923
4.6265657554300965
3.299902656125196
5.293031788639134
3.287400351756596
3.5476417403895946
3.7866447070386537
3.205200242008635
3.382565652203058
3.71081000296507
3.4626795835029944
3.7190252029005046
3.500727247960682
3.4511854463750633
3.450644330494103
3.301419439051059
3.358320280232554
5.470914456743129
3.873091572637162
3.194812299772344
3.2431853685051597
3.0086946002478583
3.3719557125685173
4.322535952865026
3.287992070519508
5.683310502241284
3.662228444951271
3.732686508556736
3.022984548482723
3.46614038181172
3.230467904412887
3.0852904949996858
3.7691602880635275
3.3660140863396246
3.0733879689975505
3.5961625661377825
3.2101823191945162
3.9311818039071675
3.3992452118336614
3.0664179892318284
3.6981756681195637
4.2663551001328495
3.9348596518279173
3.454362619067836
3.4420962567217592
4.359134054121158
3.137999910742004
3.494773767020167
3.1104897657091315
4.384449683154315
3.9744856078199717
3.254098563988838
3.2000968049353653
3.129364583606282
3.470523479269074
3.323456121095419
3.240663618731452
3.335754740978326
3.6954618630937066
3.4731488405193818
5.087994784044112
3.6622499771919657
3.619509768226266
3.842366922580784
4.084374707312105
3.3663633339360133
3.1757781438690884
5.328382561481383
3.1842959107223376
3.1818971792726987
3.6580288160475893
3.245027806069076
3.1662441682421445
3.065849361468544
3.254677409909555
3.16844840759228
3.7552447370049578
3.3996699533930372
3.5777907206039137
3.1281893265381373
3.496168309054783
3.3155384915746278
3.3169202112544136
3.1434400004515872
4.447573826546939
3.1135585007867053
3.885724770348782
3.5447421650916473
3.156663391378156
3.161192762976874
2.8920762447948904
3.262355616026254
3.824027601290508
3.4874429958625153
5.342083583355338
3.174115514755717
3.2202556757947467
6.159203947920653
3.4973583449586987
3.2556526707341127
3.741267470328317
3.296790450745777
3.166287951125756
3.7401516074620305
5.6853188930076435
3.4275374030242745
3.245765977870297
3.2423864452443776
3.724037684420012
3.521237212031352
3.167862985133592
5.0016978556583265
3.9827665451098735
3.1478187564586553
5.6116032146216055
3.6369611680771166
3.8311524439832896
3.577079796443843
3.6961350900014702
3.1715757089302654
3.5443451823210754
3.5552704475020107
3.205293082257127
3.7488564356407523
3.0989087590745106
2.98157167112445
3.1290865775556833
3.3834941996935135
3.846520242506711
3.417135457710249
3.2927449164746756
3.365622867761651
5.475486757502244
3.27292118082306
3.6088922302230744
5.853250082296796
3.1825025227235577
4.83297645879161
3.495251520298145
4.80318418297506
3.204816721311415
3.8513553686307858
3.0394272089770817
3.10797164130594
3.7798812154564754
3.114495731277897
3.0462982755040002
3.1778596152628027
2.9856108585111376
3.2014652613967636
5.740112312579216
4.380098618060101
3.1889309173483635
3.0890341816353692
3.413600349557478
3.1710933484282333
3.438034695853823
3.160344684002489
3.3821413446432196
3.011983675844889
3.0516876408847526
3.6835925570740837
3.7437289004941148
3.500638976222586
3.166928064696638
3.8499116251284007
3.2751530525020804
3.339941490299524
3.3801092195283244
3.3037590832326913
3.039400479637193
3.5130147795739775
5.508119416254062
3.5695273983001905
3.8811414961180457
3.62006753758835
3.6452194320245717
3.6543971984900714
3.8013351700143727
3.617866745595095
3.418873122210221
3.804771403368401
3.901750846280284
3.12656894988999
3.1604849278607166
3.180595293897692
3.2148046833653474
5.739537642776174
3.5547008161968496
3.5847348618429837
3.493641851781136
3.331593289398748
4.684313589690316
3.3438128604635846
3.7920843457431546
3.3970454967610477
2.970934191446943
3.002198917557904
3.5761795747421434
3.8427528236573476
3.348865698118388
3.3312783623141193
3.2965429184865123
3.118840842251056
3.783359231567412
3.2224466130172327
4.7690982667654405
3.482388705953174
3.489650683217338
5.281478458382583
3.164179384670615
3.993493666481012
3.9424344476748807
2.8447976218361193
4.177785867998198
3.0668653824197256
3.069576474683816
3.249623051452431
3.914165379069199
3.1575030907328725
3.673854606717802
3.0194886641893968
3.45968055775084
3.252011740004431
3.2682504886501884
3.09304505825056
3.748796792827586
3.9795748979601244
3.0369881691009715
3.399373489039324
4.2309965025099565
3.1616801712074643
4.749109801966585
3.2003590200629928
2.9405083628507094
3.3071814760927323
3.879446802319914
4.025797086627023
3.716482167402005
3.7441582782487792
3.4019010316392078
3.7676254425563287
3.091730805979776
3.7142723944242615
2.932862295249204
3.30758866350848
3.9117079547121696
3.496605045516067
4.609778222805643
3.6137718939958208
5.3905393162053565
3.243347376348433
3.2683156719605755
5.4033748497370855
3.408044988490035
3.974077890794342
3.946856126768704
3.345831549385018
4.213119009841082
3.0930147416578118
3.1612409538326474
3.3486037874973955
