3.333023199945053
3.081076632113989
3.3261291620013846
3.332492251059988
3.337168720609186
3.326194814290261
3.348870845682347
3.1019270993888037
3.4084980571949903
3.102755308052835
3.4577692230511468
3.0841069542646404
3.06707876208175
3.113378333268069
3.07517713558545
3.0908575260496844
3.0912438753868074
3.4400815859793408
3.281099458795856
3.378534339178042
3.3570741322127997
3.078329925801491
3.4631326235487636
3.097352603849768
3.428669320497386
3.5262169637532677
3.3282687337098493
3.411208615774827
4.288940551070951
3.3674981469141545
3.4014899091283617
3.4134778299566055
3.3546856547442916
3.0515836497728075
3.103847412403657
3.4726684127634235
3.422126559481251
3.297691580774731
3.4776666249941166
3.355101940278351
3.3188811899237156
3.382140089917915
3.2499991364439316
3.3939778356511905
3.328474191824333
3.34496619264588
2.8871380894734386
3.4258452409665012
3.3369169968124477
3.2292497387760046
3.34096557807317
3.4450458801762696
3.2657162855331006
3.3411883063406327
3.2360401280125073
3.3444526658173137
3.3581477513766824
3.2754923426373654
3.092295797010119
3.2383830250087073
3.3257901494685123
3.126397306430027
3.2334106693849765
3.404278655393003
3.4535608608849473
3.367172279078683
6.2704669732479115
3.2123389051707636
3.094587144520027
3.2553955169342386
3.3445888648145656
3.588599111837637
3.396278538222813
3.4743838205141904
3.5578373604022633
3.3090599358230928
3.242048554003052
3.3337056292397134
3.208096146304267
3.33906803553463
3.13064457571906
3.214210189528155
4.351590949750328
3.333368564914363
3.2597054543065864
3.32902068975232
3.373712995366401
4.2275869504775665
3.306132085612994
3.333153382759495
3.2365750873658232
3.4188277506858213
3.249101345397396
3.2052681540386243
4.475700037155212
3.351038223185409
3.2899960173401346
3.245702727454976
3.252218401182216
3.5571515248479413
3.3484565157095103
3.4392039534844576
3.2376959989659855
3.3131251794684857
3.2606443619858623
3.41043540420413
3.419999650837392
3.3296635983637444
3.689232932759325
3.4046362154851977
2.9035502858714306
3.2065237848455976
3.110145707723083
3.9042148023050927
5.795159806191922
3.2036395357862113
4.1118691280067745
3.168540538529821
3.3485491915801027
3.2042540157244286
3.4451306043118928
4.37231913751051
3.398148202586446
3.226411250701132
3.22870461831063
3.400813972721083
3.347580316526953
4.1159038389703495
4.112297514103834
3.0336991572226664
3.3481854362529884
3.388922812575818
3.321826681760413
3.4102409080474283
3.1720693384716787
5.766631734520668
3.292545338188326
3.3909654021632893
4.8984932220211554
4.011297259713152
3.3455175864744895
3.382744258603217
3.3692520570630324
3.3233237130256588
3.3290942649597914
4.399522458187328
3.5034767064058325
2.8581008224547104
4.860797941437593
3.321355864168497
3.46364067131845
3.299409265399984
3.3561334788949493
3.9189001165190214
3.2423248882583393
3.337312347540613
3.1609406208763673
3.37048295368195
3.405243079776567
3.4853834245063453
3.4315321576078244
3.039347616316718
3.2869811914284535
3.343740984753327
3.37262074784543
3.3160824609562116
3.3005118083097194
3.2816586007024875
3.3572448474960033
3.386064193763618
4.1434672896683375
2.915461092236004
3.360581075309902
3.1645026483667333
3.2278013232724954
3.3027643469786865
3.280646363320424
3.1352087614512403
3.266576109592054
3.3667944678932558
3.214612250966624
3.4551060127048263
3.0608627163238005
2.957953556413781
3.177517442129473
3.2559763707700733
3.127800309198566
3.3261270760025297
3.321126327630897
3.236434292041381
3.1802328102247386
2.958352037545952
3.14113900205495
3.0127570888507025
3.1467155653662884
3.2703906377953995
4.063821744443961
3.1318097413877077
3.4804156189370903
6.135762458043844
3.223508594262623
2.984834993265195
3.2677021427568316
3.044429946712512
3.2974333483389713
3.4665122323739435
4.587570180221644
3.290312348192694
3.3980865646959932
3.3514408347952744
3.4951432775881486
5.161492202918818
3.1173367523212074
3.406344795739471
3.436471513295059
2.9691193267939826
3.266207912654921
3.146844579607914
3.485822587933007
2.953512942834071
4.834207104235414
3.317768188612648
3.3539303114052346
3.4344050770558043
3.3298389373543205
4.45586798326445
3.1397223123642766
2.962828884957481
5.1602190054800285
3.292815134648426
4.916314610559924
3.212204181545154
3.795994144079739
3.193297860856636
3.4660295102217105
3.404279892293568
3.274225142726999
5.8421250440462265
3.2437340341576664
3.363774910139411
3.3352402276063327
3.055503536709405
4.2152991384680965
3.3850770943974937
3.294062858090398
3.4936253443246827
5.47025663548987
3.214346191752706
3.2803362474017006
3.105928499399086
4.9246212846347275
3.2529674686184107
4.310448519239978
3.125774087304912
4.527674761006249
3.0171860454626076
5.584927290194138
3.2544751589023493
4.834811271911069
5.69455788366649
3.219182159425127
3.405956465941377
3.3290546846802695
5.981759790941538
3.266912319749798
3.4011195737191704
4.6875623671237285
3.227058819900564
3.216182122352299
3.20159938935647
3.0064390709002193
3.4240250497007314
3.2949992351114745
3.3931732917328867
2.638080081048349
5.054512648938
3.164772852385402
3.231475741232039
4.353449741123266
3.1749102279973616
2.97557055636622
3.0148087750971797
3.2631260258865056
3.2386748255407407
3.18283760161067
3.208968700418764
4.295017959155053
2.866990990147932
3.465021363098999
3.337721494904141
3.078355065088385
3.4273741484753755
3.325646521140575
4.72927848946801
3.103750315060245
3.352359142445302
3.199887359765157
4.776848217197066
3.1969489915047546
2.909202309361032
2.8065613365582807
3.4132936927874593
5.483464578133009
3.111360138908954
3.198186770995751
3.1464939824454334
3.185763928578588
5.759720968745034
3.42317434191123
3.341551316684814
3.3940632314368946
3.2652899279269203
4.438206141833578
3.2202139061263013
2.9286321434848523
3.0322923978138974
5.441832487774832
5.334316180266014
3.3458154360642065
3.3494742013569305
3.1555143659217544
4.697515396376934
3.2054914679285904
3.179219097959765
5.08061846162374
3.124140790300209
3.3119302160368824
3.479030304637362
3.1941096932099864
3.0871309734727905
4.056728574533934
3.3227572319972327
5.551670221204749
3.017903617903668
3.3207479569668856
3.1933746874081095
3.1183228755796626
4.225856840813593
3.237688668676258
4.937218765581784
5.132817148555311
3.3270033271316533
3.29734086574757
6.012354695052667
3.237749666834783
3.415163410183255
5.021102211243113
2.7557912269913993
3.311686824978279
3.10243970966077
3.242536223413501
3.0437155823177986
3.951013086544988
4.234035466627442
3.068481833657472
3.5222709989442906
3.169484296087575
4.510849813179947
3.1727197736579273
3.1791502565099363
5.873315812804877
3.387718865941171
3.1214065938939313
5.923724542501744
3.5063859405553135
3.379995625543786
2.952685307499582
3.361261506344558
3.0390824470569164
3.329517005155743
3.1567108620776585
3.284553294798519
3.337277737780866
3.0512383399526253
3.0314740997126846
3.3783241518432803
5.289750095704349
5.010204568485562
2.8793928655779237
2.841465318660283
4.21485971573478
2.935907381762803
3.1716691553667737
3.4306140384881387
5.645414686190753
3.0740358111870845
3.0273547113387296
3.1812875185617866
3.357262012940641
3.154326037944023
3.3336774758567818
4.659739593506821
3.1124591245980193
3.0373293152730207
2.5757588935197973
3.4416582169025998
3.5087254735010203
3.1480118967743866
3.1721966574819347
3.4605095189779473
3.3742926806272573
3.1197273256931632
3.368953959438786
2.9944777703077925
3.8035800897031846
3.169312358352475
3.1740232977076532
3.2953002850996693
3.351846473425003
3.3616432537156244
3.310290989309103
3.2351224124090523
4.348456965801709
3.2219042106626636
3.2047280438491583
4.172044386485932
4.429251921202246
3.1481205087669215
2.976725803866615
3.1202792787600897
3.176790999613785
2.614882860538288
5.337292421094273
5.573918080547928
4.356051170814094
3.1313299719384444
3.024550967804041
2.951099214772633
3.3238152138207133
3.2326781574441807
4.305578126914141
3.192746016242277
3.283686514311728
5.146266794769868
4.7337815857236105
3.2825782764381124
3.261726304507207
3.4085167451918097
3.407412267294769
3.1793709078268164
3.3008347547077106
3.2686183303464444
2.905856925842754
3.10674573338332
2.820886111292522
3.1625696722277934
3.0197062966093076
3.2377817232272115
3.3335929011543075
4.833267196258855
3.201981383554087
5.405501509054811
3.1415733370426544
3.3332230377278096
3.8159875896900974
3.1811582508555842
3.068832544261815
5.602376521476413
4.3366349610886425
3.1455731097674797
3.139062325941476
2.947596895511378
3.208445047424908
3.1074909296985727
3.1791446910099315
2.7710204639579135
3.3397546430862692
5.025254034656075
2.969405304903427
3.44813628535096
3.280149139587367
2.9844232916535245
3.2101339165208134
3.250963738829635
3.1967938477805573
4.86375097597475
4.262603825880766
3.0745642924767247
2.637199233533223
3.1706143465170196
3.3665579560119063
4.761929560265968
3.0683383177480166
2.9100026345741288
3.27205817615573
3.3454340097949915
2.7294447878150647
2.730064301189865
3.284445206222991
3.27467497601716
3.0454829529072387
5.300657407027759
3.2421458793224627
5.831420125149465
3.189865722258974
5.588676213204444
3.0427895343510074
4.162887523225622
3.205188330761704
4.01038989746939
3.0468229791082138
3.044654431542124
3.295660488421695
3.107776822401308
3.270615454962779
2.608855437371798
2.936578270023573
4.5373661840659825
4.070117775790297
3.311215087827371
2.9788617795089998
4.1051937690504055
3.2560318985508165
3.22853702155966
3.0336148475195612
3.1602900067763997
3.1428572636268237
3.2090373499697376
3.1897604267639377
3.1940901666618213
3.27809500438839
3.061893634745291
3.9121089112117384
3.169136869679596
3.3900380897431694
3.3458311021451816
5.543554409911501
3.2505626333003272
4.0879965404759675
3.273992968321823
3.2582123834193917
2.794151605473774
3.26863566570489
2.9532504442485554
3.263002143720599
2.781042689572386
4.819508705646984
3.2388497793876287
6.015214629678357
4.36619628845906
3.0204923878193175
3.013157200196897
3.3846832519045225
3.348637742202579
3.1013351403623703
3.2988378817909534
4.304934461458535
3.2028099812131323
3.259644308954072
5.822623984858785
4.09708809354163
3.1418678440140804
5.163469735067801
5.838745635774741
4.259832012220032
4.703239148712331
3.3814861430262484
4.125784347044149
3.122013247190441
3.0459970660463807
3.432480508014699
5.923269492743314
4.252400595522818
3.333776516427274
3.9949750702059856
3.1929330655436834
3.1141838500367722
4.833953599760759
3.0880656192664104
5.4546316274617235
5.475804981579915
3.002467194239037
3.154838513787232
3.019246113816782
6.549332516798018
5.768592496516358
4.383256386332679
6.868399795251823
3.352465388901776
3.327877419492614
2.988692592873745
2.6701383711450606
6.15048192715579
3.4336065322591076
5.083449356206864
3.6194148691194563
3.1031423385110988
5.049919875417051
3.0623230441520595
3.233752963805373
4.56746590775492
3.2090264914813984
4.811054838288371
4.511531003750289
3.072276054852624
3.304549332585012
4.238023401594612
3.0773555032668725
3.163025103964982
3.2707239510168455
5.592125289740834
3.1862577743851173
5.754448038737588
5.040237406256299
3.1438435529630415
3.3534479692256376
3.4135252117755877
3.026510931953001
2.974153098952415
5.313864494791207
3.003358202195162
3.131260312189094
3.097310116338107
3.3896265108194408
2.750744279248782
3.3360021894867007
3.0797581442440576
3.1927047980592174
3.1139859528372007
3.159881892301332
3.1538278545339185
2.7472462764605043
2.6221734522087887
3.3774245829895784
5.241408946000915
4.665522706303553
3.2772300567078356
3.167669006470502
3.2573685103926713
2.9064231979586164
5.0379020737272455
3.0339102767779726
4.931598361940114
3.088404315664919
3.339556858780737
6.26719166201352
4.629476087149691
3.1824990215752127
3.1737087702129356
2.9178696619916904
5.804787607301194
5.822063581892612
3.387515558607579
6.559725935835902
3.1315792341855766
3.075757843019142
5.470367703364175
5.410684460023577
2.9779590073889723
3.144309921508416
3.446616599426423
3.1390352475313765
4.148129123991414
3.336042305033658
3.0826303515676385
4.98593353197802
3.39489999525824
3.1848195834753064
3.218935744343783
5.611822618771873
3.009106462218049
4.754787959008636
4.811348197623104
3.1778811384247456
6.127356863776055
3.3126738408195897
2.8402265314078674
3.257480276433333
3.381415751608715
3.32552682277026
3.1886808029701688
3.1183346758331463
3.3906677261325235
3.133089324620841
5.128877441303303
3.2293161213779995
3.1081368371243454
3.1588503155742935
5.68743720404104
2.778447002908819
3.4626218064469816
5.055358319837151
5.158483831780535
2.77654465691452
3.3532859541066045
3.1490861435274926
4.60449020194405
3.1804078271443372
3.429701853841084
3.2413905078021834
3.2836856690913954
4.781439208905099
5.388615653211061
5.241842736609891
3.771291063384903
6.510322803519214
4.603757969623668
3.0909081554525653
5.589752867108751
5.389732790626961
4.190648773861828
3.5990296051944632
3.289710320050307
4.910809478324172
3.411030674765847
3.0683445353948757
5.513355518068474
3.2128159988834284
3.1463913278660605
3.038544356326502
5.246193166855196
5.4496032660516445
4.608731972748909
7.468981882144776
4.95865357798477
4.23044886171165
4.716768687504135
2.910977694428947
5.744729375900763
3.028075050655602
5.534146856941553
3.321951276420118
2.8769139474206056
3.1570487492740438
4.214449900009289
3.2902106193871243
2.790169184808685
2.9845118868103833
3.1620630271570054
3.138716406546975
3.099743280488182
3.0348121442381544
3.208213759167365
2.9077372918714968
2.973939151320535
3.4167087552104527
3.270835720690491
3.1740244485693636
3.169894576683025
3.292686334134101
5.417764673729732
5.487256107344186
4.28702886179348
6.049924121406433
2.877982604713043
5.770704627470504
3.278135832501508
4.818598095049952
5.350497849088222
3.4756673879910025
5.398140866888566
3.0320665194930996
3.406648689538468
3.161392910885819
3.1440048306248225
2.855311676052338
3.361609517431988
7.403447869859779
3.329798944793008
3.2710672077690948
3.0635374900727923
3.187383104507583
3.2956665320652214
3.28989252147215
3.2105252860152818
5.576380531824114
