4.256820369371699
3.467702488409454
4.297615104846512
4.309757413270845
4.10714593511546
4.263542183438802
3.8577336740049155
3.6703643237509254
3.6416180748187212
4.187879696524847
3.372684728531356
4.015900954251951
3.2722631260069144
3.636812158979428
3.591289264711472
4.201111949783273
4.203417350842507
3.3649205952488708
3.670026521036036
3.4483225600092955
3.743239538632507
3.5549149932007515
3.3272131395108673
3.5632690375004947
3.404737162038755
3.305810186048005
4.361576772369757
3.4135155101026005
3.6861078688133615
3.4417293848651376
3.557544179920645
3.4442186247251563
4.089548250651428
3.929964832353453
3.3596988267430103
3.356614905336836
3.4274710308551577
3.7042820883101566
3.273061487121917
3.814373937320577
4.266144453119288
3.293160423715265
3.83281476039251
3.72489382165833
3.530377002359501
3.5923399174607487
4.1101169803981525
3.349933868618946
3.609125074309276
3.6183045860124756
3.5324993154975317
3.3267569972061857
3.8245944558117406
3.5707943688772668
3.6228003541270155
3.492976534029182
3.5880707080768577
3.886641043780517
3.8665167706554864
3.875830775691865
4.4219298515163
4.27440306353497
3.6291954769022916
3.420200499951268
3.34157987069826
3.403454640189209
3.5761708063014783
3.086340175439747
3.483852405211953
3.700342280076676
3.4860735313818787
3.1747916494853605
2.999875096765179
3.102125090867454
3.283285913742714
3.8239698736912344
3.797523840522037
3.9814171386029775
3.829798564771191
4.374301088536224
3.621087821764378
3.7647910315821247
3.5531592850600826
4.069052255743844
5.016722782666613
4.564743288006181
3.0234853143812326
3.6033051112204517
3.8301099859979506
3.5261924601174877
3.408467923815959
4.6081561957745905
3.107672602287418
3.2597664166090468
3.5894423220168057
3.9209588444831454
3.1882418339278322
3.526824129691983
3.3200539488059033
3.3495727663048296
4.23702010549182
3.352816483486276
3.7364230248529826
3.2749816448080855
3.2385389082964653
3.6387558442404675
3.3198891549652205
4.348191268424106
3.305220158176416
3.4610520723141853
3.212996883249418
4.356605786168982
5.445202854819299
3.493023687556095
3.6398696222383515
3.257130304737753
3.301496649723819
3.056211064665362
4.457068674457135
3.1470420835250192
3.3835118707044898
3.497784360114035
3.119399169070373
3.4681878792116456
3.6759189246006048
3.818493709572567
3.409633506507645
3.243995864466197
3.4879949411936013
4.530458225866481
3.3756094544634827
3.55555625981529
3.413226105589798
3.2761039498534514
5.387252204558262
3.485640056161021
3.2813275442094856
3.0932384139519824
3.0874183319580872
3.8761030934761966
3.487206002125393
3.3215164088104028
3.633207195023522
3.8723678100625243
3.1885106034312725
3.5255251937863763
3.0604616633552175
3.7566584146539825
3.2647273419738725
3.3568639402770373
3.3947190487559937
3.1787284837765255
4.278854234286496
3.504973157644021
3.535084793872482
4.7696882022140565
2.9348002587444357
3.5201012951717456
3.4996709665634733
3.0402743807355037
3.1648173964082718
4.06934110849146
3.0369928365230012
3.2826868387841355
4.460331403637484
4.131118864664722
3.2002765402247673
5.049863305826576
4.587900786476054
3.5569741023195003
3.2750840400718726
3.5607361117621132
3.251959822161193
3.151074938845363
3.662682571934709
3.535958588113115
3.18708173704358
3.735919775187555
3.247181434175387
3.452627061759219
3.939994380038932
3.3745946941557077
3.48982636197523
3.0686325125802223
3.3974254497480514
3.1159411012622997
3.3931031710595954
3.3137713977136474
3.553946076363793
4.8738476653881895
3.3887431296487383
3.4307392954699263
3.165359957479054
3.368892061462484
3.679338154280301
3.20689578576919
4.01339375243413
3.523903543100103
3.2052834979152913
4.574709240310966
4.292235566219309
3.6903487176842495
3.2783937707248927
3.685506687875634
3.2254692510062526
3.1213048833152723
3.593070121516719
3.5395715683046873
4.0165225894649845
3.222607891660101
3.255590908772177
3.1012390436475292
3.1800761396311854
3.2208651184794244
5.361758946075923
3.402173544080036
3.8552810662097263
3.17822281243258
3.7696351002113273
2.931533041695282
3.7427244878722283
3.2274282558200267
3.2392526878778742
3.317300167500742
3.8673130640001165
3.683613986146992
3.543056131590029
3.3335312878093295
3.4169705732802487
3.6697969305362665
3.438390759553534
3.824182452127234
3.5138601552500517
3.3083187784997294
3.288151815943374
3.3336514049435104
3.622585900767448
3.374272480415511
3.532808460094658
3.825912547752077
4.0938581992939875
3.6161657991504503
3.6346375451905684
4.55319981560111
3.234830423414618
3.0623523398376857
3.1269431244727017
3.671336691407092
3.2532735955644374
3.4002632289677814
3.5255871652821615
3.5693654630774088
3.5357303795581023
3.376990196294509
3.410202428466344
3.626448860978358
3.5614973565693315
3.3710511517898625
3.2479592989904473
3.3354973097937264
3.972315536719029
3.0078332283231286
3.3185442645711345
3.491684058312763
3.7792973366507625
3.544275701325702
5.888277064666746
3.346657772701947
3.045711915788443
3.97186870862338
3.3651722706408025
3.1328851236307678
3.338812101295499
3.6881423924635577
3.3745327097706985
3.923924824719606
5.050084139075963
3.5178799627696655
3.4705030743102183
4.114015299131305
3.4711496014246537
3.441453012903149
3.4384808915715857
3.124445016440379
3.1275017914666154
4.321338902633891
3.3334479335798695
5.698482709949452
3.1443157108600253
3.2274239353197407
3.6800300477647863
3.2565972031196706
3.1349134182286784
3.627737337976614
3.425764093094918
3.6684301751499886
3.2526142562258333
5.931674973084527
3.2800474347755646
3.4691650907414195
3.2221983479753247
3.5101006754275628
3.6105833536932876
4.17248402395807
4.049534168620008
5.872918866997483
3.3764975258357564
3.5552114204896013
3.2231052607511237
3.0214918882847455
3.9637331635771593
2.9173858331119598
3.481640173197094
3.286615121500075
3.326558381963057
3.102591262077459
3.4960016068946107
2.9390460288508344
3.5740875044452296
3.611913748407246
3.296110489772701
3.344121089258753
3.9640757223462626
3.637542402049936
3.241554076174797
3.0937353788802993
4.845994969958471
3.0671782012034305
3.2296710191621485
3.164566350605892
3.6517465851408977
3.175497903444002
3.632257585278111
3.8246525948316323
3.600965810569866
5.651416379196221
3.388001293300973
3.663062690069268
3.219155082080712
3.1503326841275796
3.4075014719640784
3.1091719343599618
3.914203068661293
4.8106697739835145
3.2912948235907873
4.088948132020788
3.9600008102153303
3.831843566630808
4.652596453926145
3.8831647086610723
3.052694333950071
3.954410579573944
3.877240502172716
3.6827143562124305
6.02119135403037
3.304895315091363
3.0334793783754845
4.277751818218161
3.673576715796746
5.16729816372384
3.608436632223539
3.62654851623714
4.622745999754533
3.4734519468857736
3.439053169536267
3.225835467821703
3.3421922317749595
3.3615212894891795
3.4624494814538265
3.3079431461305537
3.298089133577818
5.393296139086581
4.414601978858803
3.957049670710198
3.5040308792649113
3.2192882111889896
3.7956830146874
3.5980969188641483
3.561741824596471
3.2095771964282735
3.427848738043231
3.311705092327325
6.756040574413305
4.304645745199374
3.618490450653881
3.82470550098758
3.502196040460732
5.990262375035981
4.202394602422811
3.298778809070877
3.3390179953616013
3.0483327191321785
3.5328816204681157
3.349568990902197
3.268090847729128
5.343001340641909
3.241834214685958
3.2162581091111666
4.234508089596996
3.2409768788943305
3.5323466400330976
3.341716061292555
4.8483887659127225
3.568478794478163
3.5608459735226337
3.6446579216872275
3.8257491824940386
4.390984394894899
3.3388780082665797
4.726510096018422
4.602217067711968
3.957806450534871
3.4619604350451567
4.015116027813092
3.340262026394131
3.8557774321157505
3.507272386833253
3.9006507005215236
3.366188554525312
3.8691262504201505
3.621342550716773
3.3568034789867554
3.4091127464403157
3.2332929395751364
3.1268783431046736
3.1052522199944224
3.775521652011057
3.7758729159746314
3.383084109171502
3.8603068768284396
3.3522863535360994
3.1859761981674635
3.683888981473396
3.2941503244237587
2.99020976653363
3.280310808362975
3.096539530508857
3.138055093738877
4.4767190148778875
3.026107814732136
3.596255838014124
5.429552166286034
3.148264909305157
5.940617435918215
3.1608820800601225
3.2821670971946024
3.2436501488691585
3.3499089113523746
3.3653361214169983
3.2821121852183937
3.762300537745281
3.449481339813252
3.6456327464099916
3.8536117969647345
3.3614928234992387
4.643884013285914
5.883407819088701
3.1490853920032085
3.2307278182027463
3.2520754935900382
3.3906465174800777
3.6170114761842354
3.602969451482571
3.142076122569121
3.83135162013382
2.938628616720415
3.940895424537211
3.551512955788619
5.452337087732857
3.499957370838595
3.090840728637859
4.808878225490241
3.6524379224623416
3.492258874009963
3.430213752422747
3.898081165299482
4.513370669043399
3.341358918426085
3.9080548470883696
3.3927285398795552
5.335738459572983
3.7516278625414556
3.652181991802227
3.086913580356703
3.2926456972759985
3.128849697140052
3.9134980554464875
3.9124227547077632
2.9405306205999953
4.461030152114179
3.6103865196153384
5.011366429109313
3.403954563954322
3.2130936171511353
4.504239092032473
3.3011215460099423
3.818287967856491
5.1229410227567875
3.3063141693391773
6.422507469335093
3.575690195024213
3.7070748174447643
3.23921688297644
3.0013826841749975
5.057980380551852
3.860434699359697
3.3084049794372787
3.472164885216757
2.9308464039306226
3.2680053915132254
3.6248185860908344
3.2773495546486626
3.6117352261119877
2.946603490079018
3.9736599321808654
3.2261182268481883
3.2081168364546246
3.472406748743014
3.440782073984144
3.3323434253930397
4.487718384592253
6.310687353905338
3.9844443739582025
4.285622684764045
3.96857888933356
5.146289612972336
3.619000917180508
3.2071827120135836
3.3987999881381845
5.224315839252588
3.147674734173139
3.301525278069425
3.3999962345735577
5.675846811153711
3.8634397764278474
4.138032664095312
3.0597538458799725
3.9350524549155423
3.2403299072736904
3.9207139025861397
4.271681688438056
4.813952757662269
3.2933042770419974
5.213752274957882
4.955615729460226
3.1034649406179335
4.989060504935982
3.507061164296864
3.2356271057462096
3.6899417081929484
3.25348031386363
3.463325071907708
3.229780496274669
3.6330274439515042
3.6755119333544157
3.6356241926364206
3.5255022366762465
4.7395442079193195
3.7809065922082876
3.4457343894501613
3.0075903386895626
3.658516434930942
3.5759482971973093
3.3502890914330825
3.677632818259941
4.761952919378805
3.486358457805046
4.059810306647536
2.9531734307766975
3.4636276219605278
3.496671488572948
3.782467762882729
4.130308547641805
3.387291622191157
3.745593993015117
3.3936135557999973
3.7345505769996756
6.112835349868485
3.465609063669327
3.4965736418913167
5.692099900498968
3.274139806694419
3.5839990371052264
3.284178985686244
3.8673246520340383
3.1792165532239167
3.3996860215412874
3.4744302219743686
4.970650335468061
5.844969822020083
3.6783509338577636
3.0990973053984954
3.0141790981422667
3.3851051683496087
3.238328630113472
3.732848274592039
3.9435345675050746
3.807352323070993
6.642623713906985
3.3332253789823305
3.4190126905813703
4.002372842634671
3.6462265526284376
3.7086104597049814
3.2643472203212416
3.258785217431655
5.662287984549431
3.4358343019379025
4.7142573558828715
4.47936454126634
3.495704864104842
3.302646410857825
3.461647481474678
4.474067293037808
3.4040134230009116
3.7740596494839926
3.2214564319636443
3.6709381504576966
3.9344111296794377
5.151541334244301
2.9214261114757067
3.451816366234199
3.278664804066152
3.209606351132085
3.668308873038842
3.321135223896151
3.8582785383413394
5.114815768528692
3.2588472657123115
4.047454120542888
3.8337883169682874
3.645519823787444
3.407391827451284
4.20109953088798
3.332508949254221
5.355006912678487
3.5498567882507053
3.8022976118597094
3.9163813221968176
3.142967749113336
3.4283966260130643
3.7101496826439058
5.278059253037195
3.191214181154997
3.60889930976583
3.1673957037931033
3.516765539053102
3.59797755954613
3.6006075085319837
4.71413412327872
4.93321253311158
3.327789963179035
3.5360871272425287
3.6649795333868784
3.7266122843607308
3.3259066651861025
3.2235815901722042
3.875842754345826
3.4713924496247093
3.6408409876421977
3.3789936868898027
3.431729071085434
3.3959474763889923
3.5901617258904115
3.347431606490943
3.0949619699390816
3.503237528621906
4.010920324507808
5.0780373835129184
4.663362639550522
3.7083335948700094
4.696436869906039
3.8254879991044413
2.9206659871017377
3.5261437095347854
5.42213339524276
3.260233544665476
3.568309109875524
5.5971486359526095
4.701221959009467
3.0973133749984516
3.5885095049755966
4.452534163036014
4.695046390735747
4.673501750462659
3.238394388225989
3.3214391079145553
3.3406447691339074
3.4048354332438087
3.563247074542835
3.6642699642086907
3.20256848854659
3.120225996032112
3.741720063015268
3.6619849084239635
3.542787265560501
3.694988142047671
3.692638586992233
3.31888328371609
3.1084670545854336
3.672252765058316
3.175029580191728
3.600536862390601
3.4145452892476498
3.2356869307784963
3.9629483221635233
4.550197746601113
3.6301424854339968
3.242141072269896
4.266089915200631
3.5194256920864646
3.6118580392509356
6.395850920865779
3.4578557246390456
2.882380124344136
4.346778306645042
3.403329669487253
5.402734404098512
3.481777286721812
3.7562435723808805
3.752799916008133
3.665843889617716
3.56583716528827
3.8492938560288126
3.1820996895887723
4.614099663156267
3.2062286432448825
4.459753892079024
3.8035642764468944
3.83877701669063
3.6613800188082246
2.892460065893187
6.002885554185113
3.936124624604842
5.04842056803104
3.3776500644532823
5.179689277516794
3.8161801878889534
4.47699401623522
3.701152558360001
3.250438269467784
3.3370549903479088
3.9255264069848583
3.6057508049869704
3.507684278199342
3.297348268100231
3.254810020854613
3.5433865907309516
3.334142753869269
2.913953977088621
3.5849045030435644
4.5219186601028385
3.8875695575605866
4.7478636497287
5.603103189199479
3.8661744836901915
3.374383172487653
3.155818556064864
3.140899057745141
2.896431766211272
3.7597050367616696
2.781939365383595
5.850953504541481
3.611778034287835
3.4257148005000926
5.844870774784583
