3.4003552078147252
3.6309337154350025
3.42673119383836
3.4234555631182233
3.442259766530761
3.460629038175062
3.4124838156802504
3.59380281688518
3.470796061836858
3.3336354826795347
3.3081588195410028
3.312737267153612
3.6415653204441694
3.2931690087593832
3.65422707924281
3.3303034090863526
3.3267774084074895
3.3113907941458365
3.416985427983416
3.4816305763527704
3.2301097438833977
3.6823334175599363
3.3180858775097426
3.694746615340359
3.3499510951695903
3.326115514977141
3.4037073379584633
3.3356408047570674
3.5704384185401326
3.4667667544146896
3.4657045204043704
3.311543900819039
3.5041957985657217
3.398838598816568
3.663150895959471
3.259182375732959
3.315515617944299
4.884205196897611
3.4386229964732085
3.2101495913752034
3.277416214142793
3.3968058174799447
3.425039661142482
3.1425145785853386
3.2071862666699698
3.222854505844147
3.453509809381049
3.3179356930104937
3.4154400170145327
3.524904859637081
3.2211965646044685
3.3051365984290673
3.45982881931208
3.250174455547304
3.461997440100889
3.2209808614515874
3.1873782150658485
3.4154077387002606
3.7188496738068193
3.4820430119264745
3.4282510143549723
3.116154914107391
3.452026374309979
3.367884485727067
3.3435630281208577
3.4042799893979065
3.6929772469405204
3.325172182277507
3.704239891426116
3.4869845218583304
3.2193165087099467
3.05478933957373
3.415059936756849
3.4277622614269148
3.125044723473593
3.501605157700891
3.515738341724165
3.4481030933687546
3.489488268745914
3.5763444202809036
3.4984070445363566
3.4817022186189273
3.686031970141247
3.4674767186512696
3.457519744796785
3.43708298038571
3.4612654147982003
6.632285041334186
3.450250550337048
3.19893921738855
3.1444009058021654
3.445269661026443
3.387737741089033
3.69254837354781
6.703770875162203
3.3372374343226863
3.4541708136544793
3.49758433087377
3.1664820677816192
3.4376360820106027
3.273436059990992
3.340488389597485
3.472622279101112
3.2151184834581885
3.2699299150140875
3.3697240167844678
3.367324165026168
3.285930268553006
3.0804210396337446
3.3972170150029517
3.42517499351151
3.428764552577498
3.241115884565039
3.3559507070476164
3.0842761084506978
3.126214661964576
3.12453678941502
3.4867166776992553
3.3147182405544378
3.417901073303774
3.3226221852058244
3.680283129369565
3.524925778428437
3.3554846363147255
3.3443474782273475
3.451094834176374
3.175177822289004
3.174448112048967
3.1578902398267235
3.7496586292892244
3.74651614554486
3.1755283667764505
3.4360091299480033
4.61938902532827
3.594301725913324
3.090919089708962
5.145472470870395
5.28288380400245
3.227553606050666
3.545709152419475
3.361124882166882
3.7948936300603613
3.427981893713417
3.2257296937912177
3.522727808159902
3.5612046627774343
3.3575218511496123
3.1864573756783994
3.027056250153695
3.630550829328976
3.2859070994846387
3.454043629158107
3.420936538723966
3.6340712205558856
3.910988497220445
3.176990353330441
3.117017136362563
3.508364576363568
3.203294691169327
3.291799533399536
3.384783440833172
3.356681341669858
4.234887886952377
3.748548258250521
3.2358668833562927
3.3820917424033534
3.4290633282496272
3.1894330156029933
3.121801004229701
3.2505917439139767
3.3859827414439554
3.121838657363498
3.4894986611322234
3.383400049385127
3.741044162708164
3.904240872818386
3.778119906269554
3.6680172467029184
3.5499807718202714
3.235170311613654
3.6082296183083877
3.3138754343180783
3.1535218956378874
3.4997628001814856
3.19991074734422
3.254504287497484
3.3792238794069105
3.4505339796036516
3.259548210678773
3.39673859551858
4.271133468580415
3.626911583589917
3.407186330983499
3.606068678321223
3.5439299357749277
3.433603313130509
3.632256917981549
3.6852331177565505
3.18942533223185
3.600983795638403
3.350740884908831
3.2143230053038305
4.401810857091502
5.195151991788916
3.47226105594259
3.3764556927880567
3.643517057978105
3.1242638511772904
3.2583367485319013
3.131169397858538
3.235292873595276
3.1355552494277856
3.2617480654081
3.3888040604437193
3.327305883312959
3.616042600580372
3.535110671259233
3.2754098921861594
3.2423832832268893
3.1487098211213973
3.679284608284216
2.9623557728942034
3.4490863853821834
2.989778169942343
3.3096519460240503
3.8527588225218063
3.8038677386136293
3.549919211361945
3.209875855053594
3.1737168542384646
3.1748952358124685
3.324788553719619
3.5859552560126655
3.324458977836035
3.0833979921410384
3.1369641528967067
3.5960916307102266
3.543725019642403
2.9057729463850404
3.238402231692097
3.2894473842477483
3.374254303786736
3.0898907158941356
3.2848203059301606
3.1674267323294782
3.1435101580887257
3.57948556187164
3.218619062956121
3.7900383370397916
3.667203826823361
3.183129929442645
4.201385951599946
3.1563212233227804
3.82826264915891
3.075446494399275
3.1462232462415365
3.1617945281080053
3.6487966420595335
3.658199973417976
3.622429391937312
3.219211585542327
3.3960336376625504
3.08428196820396
3.120420952044043
3.3113211999014935
3.5591495457806563
3.453005763470888
3.1406584257517176
4.691890293736966
3.4812920684401103
5.327405308447179
3.316396426745049
3.113589310427706
3.2010044085084712
3.8872053497854155
3.486416372000612
3.17638961618981
3.385240890127018
3.6200280673357654
3.3541425752223266
3.606405169687482
3.5890073544111454
2.883909927532998
3.281333312647301
3.2804840876712804
3.7617510320175636
3.0284424724048327
3.234138357987465
3.182539261030314
3.253834251429336
3.802153851241384
3.3697038970311977
3.2543995117637596
3.815682284734546
4.013484990071955
3.152716243447159
3.2511734730517725
3.4889784132127475
3.7604000191183564
3.8457474701792114
3.0476356794260355
5.069633001657491
3.6025575373241314
5.251797762593347
3.2255470207225696
3.6532057278852332
3.7652135399317257
3.3543647075962277
3.258561162813071
5.210332671836649
3.192410287430482
3.3552302375070275
3.0353853912064372
3.243511059510984
3.4606673085526967
3.4808566793795137
3.2613826921613436
6.123452637414082
3.1184725081638467
3.3479298501993426
3.2129068350864363
3.408022932048285
3.951746460703172
3.688786386437166
3.019382906429883
3.2705859653382245
3.1112711521096172
3.1617391019317025
2.9717784722610516
3.270383739089363
3.2121198331904477
3.5451319140594637
3.441875590433497
4.085009851559635
3.351299969425719
3.4527695386695885
6.090263262965954
3.1589168877918246
3.3026604727235958
3.094239461469659
3.5072280816278587
3.1268609451864995
3.352246392077821
3.01927725775858
3.4364640196672047
3.340441132131423
3.551518318816232
3.1207471099157575
3.3754309687962416
3.2666851384398283
3.5853730615820005
5.948116468570378
3.7793511898596353
3.830669207005955
3.0140533518615373
3.109190820042946
3.2906456645405884
3.8123494564021683
3.3041472657902804
3.1792672407028255
3.080765853819923
3.57280926936377
3.2308935854655525
4.949852704225147
3.194946638041621
3.517587133768916
2.9231839563982627
3.186407728128672
3.2254321117511737
3.6172802004259634
3.4758293206744018
3.5909627341501094
3.303730917507582
5.652723714423756
4.2685998748743
3.030614702841055
3.8067407006804355
3.224993267988357
3.483751704642052
3.692652885512022
3.8887081476499445
4.483369222665074
3.1603766228209036
2.9714657367963424
3.104224592879825
4.992902584107316
3.327892094880975
3.2441102043087375
3.3260395485778442
3.210731487341775
3.337654823316034
3.2745543761209506
3.1712527556831875
3.0118185551107053
4.862331222224346
3.323148663151265
3.102430132374673
3.9983644957250526
3.3081870332639207
3.2010453639331558
3.3605707980718087
3.793145506921813
3.204979617171849
3.207189905545509
3.633947662306075
3.6837710049653234
3.920251879049815
3.7372325416725265
3.3162532793017823
3.124809112702036
3.383484543104444
3.132734234669531
3.681214769775695
3.6394109546187585
3.7375697431850274
3.7736311100468183
2.9908074382619394
3.6588744347944275
3.6280917719490864
3.3679238707089794
3.213268865256424
4.878297550236438
3.211974002811486
3.1564475152140457
3.0541776425919167
3.129457168260103
5.206510020040221
3.6883853997952234
3.9324766983072275
3.2467351056940514
5.068278829729471
3.8925921600037325
3.2291961690814084
3.199111455037878
3.929461230847887
3.2242240168529275
3.3405998252669677
3.4399134159267333
3.243336799859839
3.4533642838552305
3.77234492915845
3.1300181507495126
3.716981563503575
3.2890285695781367
3.061143363958348
3.083753366160316
3.2376655538797676
3.2423252444548964
3.3460456310272106
3.3032629938762974
3.1912421775328923
3.706453458168816
3.356011338905678
5.011979749166899
3.2327542580384194
3.536916355945772
3.3817932026006265
3.3795809814794304
3.8713328435139114
3.689086971290812
3.162190500774139
3.421676794305436
3.7470238929250352
3.359144738817162
3.699505968268804
3.7774651143529234
3.5331315503551037
3.0141022001165108
3.655547131262743
3.399605019118481
3.334863834339412
3.1715238822446907
3.304779168494108
3.318137545825137
3.075664429626468
3.719485003616989
3.223433766852519
3.1615509611882913
3.1083641302299942
3.262503260004464
3.168437567686598
3.2272536926451427
3.306807242068611
4.9555971303673765
3.7493601951850843
3.3965866057262195
3.0742887406036004
3.0762739547315756
3.9511038823071516
3.3859995180785636
3.9590074968883706
4.649825151555131
3.3088653245355606
3.086689732894989
3.010914393262858
4.019221271507484
5.943983447826177
3.333870067681327
3.3756659505791076
3.248858864072655
3.1616840002646454
3.926577044738588
3.3443439546471856
6.400013468916496
3.3936348587464282
3.049576568962507
3.0824179092390627
3.6982276950077266
3.096159741818354
3.2454815853820715
3.1609326052807343
3.5607944939488934
3.158915886373834
5.450016082227004
3.3018004320727785
3.5215709871329057
3.7392906292375474
3.378743793521603
3.646792091956912
3.675707062002497
3.7955079019154088
3.028008255066222
3.885999759805778
3.4730465202640635
4.476695903240607
3.274674532864844
3.660963940670759
3.5195191858873485
3.720152202551962
3.2986371085192885
3.636469287271472
3.8468202827594578
2.9473842005213857
3.123219396232916
4.333915427085634
3.337215627319019
3.1343595536262114
3.6956630707477665
3.504457747978924
6.428313558026024
3.121135750549871
3.059905089552973
3.2866340867199195
3.27037955434966
3.4602245288704165
3.607085742560852
3.273037053073006
3.4278864295630784
3.6788052787191012
3.046807605820334
3.5944760134223492
3.2969621004835004
3.1327189822831922
3.1123952931624217
3.7758654511734955
3.8608701112423756
3.170446292122496
3.2239836215899405
5.383251546929523
3.160777154873107
3.573395969898267
3.748109681228113
3.2501882334641157
3.529603895302056
3.6651884823323924
3.6711060705031744
3.390145062863897
3.683409929820508
3.6556376682595815
3.7424489694611465
3.1602942566831027
4.5270304689118115
3.5279675167258397
3.865577564155539
5.351390118564359
3.922209041904247
3.6970308349110357
5.1272853927065425
3.1864113040926862
4.0432446594568745
3.9368903672019626
3.2345735100971136
3.5427891056720706
3.0129386132102733
3.641797332746702
3.4222461128676818
3.2756149660353717
3.0671461476395327
3.86703492221479
3.2416717299914866
3.8552185278923767
3.676048432364786
3.7442060562158286
3.1368339205112012
3.0806757645859513
3.3878350621166136
3.7421706519115583
4.152972955258501
3.621563758898188
4.109920585942432
3.2791699885039387
3.1807559432083385
3.4394602270052177
2.999670646957359
3.531552572916253
3.1197491071456014
2.971877604370689
3.4917849523958404
3.145390133220163
3.085379983371024
3.3111759579255526
3.6215326778489785
3.5709197118348532
3.316466702246295
3.201349436564307
3.543560092409098
3.8078613781901436
3.8754375315742338
3.189563662913542
3.268076582669022
3.0949513632705448
3.4847148237104966
3.4649476078387176
3.511411411693082
3.4529777607499526
3.6016673771566947
3.135229854034051
3.253086564379839
3.1214243122997365
3.3763504397730735
3.1839027563555296
4.5782628085853325
3.134500255316975
3.8250118296574414
3.677225124112358
3.3465095322864897
3.6555431722364733
3.165585708912466
3.394076261696767
4.327191893815456
2.8750247901255594
7.61975299632917
3.479895712877815
4.962024279048901
3.6498690539009924
3.390792944007985
5.288508950688647
3.0425566228696734
5.661205629204002
3.9123858542667738
3.6908642955715867
3.856823467638784
3.5248749724834862
3.1773132265478448
6.589280811452623
3.2131117760761607
3.074337267711861
3.7720351127138017
3.4584474150007525
3.051296376889487
3.322034301579646
3.8039719487417805
3.114287909074348
5.23036669296139
3.7113625827140493
5.507409225785207
3.5082684038960705
3.1883211735411967
3.268221357576648
3.3818877892213814
5.376702580525009
3.3088487850769086
3.5273470221733247
3.1331697729262498
3.0161813037811327
3.318827537706205
4.581431031864508
6.091482091109291
3.12160990623553
3.5507781879916513
3.1524404292836548
3.7828838111053305
3.076113456667126
3.550767348601348
3.5239553013812297
3.5532845264689907
3.0388092244933205
4.3788492735313325
3.3713712365037214
3.2777753447924796
3.035410770665026
5.2190203017834556
3.658787649724647
3.1318079074672722
4.760300114163936
3.6409431927028733
6.769063061398404
3.6077536267122725
2.917045195737436
3.479555352617359
4.090840303985802
3.5167702303881754
3.1202193809231136
3.101443516424417
3.0495476394845107
3.290421911064913
3.602746582504187
3.9911608600037973
3.290946661770817
3.737707249566175
2.9964714535965937
3.1148690000343824
3.537450631743855
4.49652262866745
3.294627956083837
3.6408369806385075
3.1364788378731703
3.181366465681712
3.1822014587238923
3.431506312781713
3.1460020460632188
4.993714392509506
4.673503114500992
3.045609145249718
3.6089659387554485
3.4037970948431426
3.5820758668646686
3.557981557027791
4.575472829919125
4.8087752386912594
3.6162114003525483
3.087156274652458
2.972860399795949
3.2113075810601392
3.304264750441216
3.2806463516646285
3.1230923538981914
5.207658675222913
3.0910873162076795
3.1785991695951115
3.1431453041049475
3.1506474798242343
3.2228710453934823
3.048074953812523
3.9734888254386433
2.9956179267607452
3.21228037502269
3.244560693138641
3.467391401613341
3.2464862126262557
3.2195721457781614
3.0258724683781852
5.833312476922405
3.8395612741751823
3.2103461640461255
3.388460244818076
3.3385355495323505
5.232070039278619
5.512162200046274
3.3966659045185783
4.031884357496222
3.777530315834454
3.062586329734357
3.052439871127822
3.5657699561578684
3.109095540471957
