0
0.0
0.12899999999899592
0.15300000000024738
0.18299999999908323
0.19700000000011642
0.2029999999995198
0.2969999999986612
0.3469999999997526
0.42299999999886495
0.42699999999967986
0.4349999999994907
0.488999999999578
0.4899999999997817
0.4930000000003929
0.5020000000004075
0.5039999999989959
0.5049999999991996
0.510999999998603
0.5159999999996217
0.5209999999988213
0.5299999999988358
0.5349999999998545
0.5360000000000582
0.5389999999988504
0.5409999999992579
0.5579999999990832
0.5599999999994907
0.5769999999993161
0.5849999999991269
0.6039999999993597
0.6090000000003783
0.6129999999993743
0.6289999999989959
0.6530000000002474
0.6629999999986467
0.6639999999988504
0.6779999999998836
0.6829999999990832
0.6890000000003056
0.7029999999995198
0.7119999999995343
0.7139999999999418
0.7269999999989523
0.7299999999995634
0.7349999999987631
0.7430000000003929
0.7529999999987922
0.7690000000002328
0.7749999999996362
0.782999999999447
0.7849999999998545
0.7909999999992579
0.7960000000002765
0.7969999999986612
0.8009999999994761
0.8140000000003056
0.8149999999986903
0.8389999999999418
0.8439999999991414
0.8559999999997672
0.8609999999989668
0.8689999999987776
0.8699999999989814
0.8709999999991851
0.8959999999988213
0.896999999999025
0.9089999999996508
0.9110000000000582
0.9179999999996653
0.9399999999986903
0.940999999998894
0.9480000000003201
0.9509999999991123
0.9629999999997381
0.9750000000003638
0.9759999999987485
0.9819999999999709
0.9849999999987631
0.9879999999993743
0.9969999999993888
0.9989999999997963
1.0010000000002037
1.0049999999991996
1.010999999998603
1.014999999999418
1.0199999999986176
1.021999999999025
1.0249999999996362
1.0289999999986321
1.0299999999988358
1.0349999999998545
1.0450000000000728
1.0460000000002765
1.0469999999986612
1.047999999998865
1.0499999999992724
1.0529999999998836
1.058999999999287
1.0679999999993015
1.0689999999995052
1.0759999999991123
1.0789999999997235
1.0839999999989232
1.0859999999993306
1.0869999999995343
1.0900000000001455
1.091999999998734
1.0969999999997526
1.09900000000016
1.1000000000003638
1.102999999999156
1.1049999999995634
1.1080000000001746
1.109999999998763
1.113999999999578
1.1199999999989814
1.1229999999995925
1.125
1.1309999999994034
1.1340000000000146
1.1379999999990105
1.139999999999418
1.1409999999996217
1.1499999999996362
1.162000000000262
1.1739999999990687
1.1779999999998836
1.1819999999988795
1.1829999999990832
1.1899999999986903
1.1919999999990978
1.194999999999709
1.1959999999999127
1.1970000000001164
1.2089999999989232
1.2199999999993452
1.2309999999997672
1.238999999999578
1.2510000000002037
1.2520000000004075
1.2579999999998108
1.2699999999986176
1.2860000000000582
1.287000000000262
1.2999999999992724
1.3029999999998836
1.308999999999287
1.3140000000003056
1.3169999999990978
1.3329999999987194
1.3400000000001455
1.3549999999995634
1.3559999999997672
1.359999999998763
1.3619999999991705
1.3699999999989814
1.370999999999185
1.3719999999993888
1.375
1.3779999999987922
1.3809999999994034
1.381999999999607
1.396999999999025
1.40099999999984
1.4020000000000437
1.4039999999986321
1.4069999999992433
1.4110000000000582
1.4149999999990541
1.418999999999869
1.4269999999996799
1.430000000000291
1.4359999999996944
1.4369999999998981
1.4390000000003056
1.4429999999993015
1.4439999999995052
1.4459999999999127
1.4470000000001164
1.4570000000003347
1.4579999999987194
1.4650000000001455
1.4689999999991414
1.4759999999987485
1.4809999999997672
1.4909999999999854
1.4939999999987776
1.4989999999997963
1.506999999999607
1.5079999999998108
1.5090000000000146
1.5139999999992142
1.518000000000029
1.5190000000002328
1.5289999999986321
1.532999999999447
1.5360000000000582
1.5389999999988504
1.5529999999998836
1.5569999999988795
1.558999999999287
1.5709999999999127
1.5720000000001164
1.576999999999316
1.5820000000003347
1.5829999999987194
1.5859999999993306
1.587999999999738
1.5889999999999418
1.5939999999991414
1.5979999999999563
1.6000000000003638
1.6059999999997672
1.606999999999971
1.6080000000001746
1.609999999998763
1.620999999999185
1.6260000000002037
1.6279999999987922
1.6369999999988067
1.6379999999990105
1.6409999999996217
1.6440000000002328
1.6569999999992433
1.6610000000000582
1.6629999999986467
1.6639999999988504
1.6659999999992579
1.668999999999869
1.6759999999994761
1.6819999999988795
1.690999999998894
1.6939999999995052
1.6959999999999127
1.6970000000001164
1.7119999999995343
1.7150000000001455
1.7160000000003492
1.7179999999989377
1.7229999999999563
1.7269999999989523
1.7409999999999854
1.7489999999997963
1.7559999999994034
1.7579999999998108
1.7629999999990105
1.764999999999418
1.7659999999996217
1.768000000000029
1.77599999999984
1.7780000000002474
1.7849999999998545
1.7889999999988504
1.7989999999990687
1.805000000000291
1.808999999999287
1.815999999998894
1.8179999999993015
1.819999999999709
1.8259999999991123
1.8279999999995198
1.8299999999999272
1.831000000000131
1.8359999999993306
1.8400000000001455
1.8439999999991414
1.8449999999993452
1.8469999999997526
1.8500000000003638
1.8509999999987485
1.8519999999989523
1.852999999999156
1.8539999999993597
1.856999999999971
1.8590000000003783
1.8619999999991705
1.863999999999578
1.8649999999997817
1.868000000000393
1.8689999999987776
1.8699999999989814
1.870999999999185
1.8719999999993888
1.8809999999994034
1.8919999999998254
1.8940000000002328
1.896999999999025
1.8979999999992287
1.8999999999996362
1.9020000000000437
1.9039999999986321
1.9049999999988358
1.9059999999990396
1.9089999999996508
1.9139999999988504
1.922999999998865
1.9249999999992724
1.9259999999994761
1.9279999999998836
1.930000000000291
1.9380000000001019
1.9419999999990978
1.944999999999709
1.9480000000003201
1.9509999999991123
1.9529999999995198
1.9549999999999272
1.9570000000003347
1.9589999999989232
1.9609999999993306
1.9619999999995343
1.962999999999738
1.9650000000001455
1.9679999999989377
1.9689999999991414
1.9699999999993452
1.9729999999999563
1.97400000000016
1.9750000000003638
1.9769999999989523
1.9840000000003783
1.984999999998763
1.9859999999989668
1.9899999999997817
1.9909999999999854
1.9920000000001892
1.9989999999997963
2.0010000000002037
2.0020000000004075
2.0049999999991996
2.0059999999994034
2.0090000000000146
2.0119999999988067
2.014999999999418
2.0159999999996217
2.019000000000233
2.0199999999986176
2.021999999999025
2.0239999999994325
2.024999999999636
2.0309999999990396
2.0379999999986467
2.0389999999988504
2.039999999999054
2.043999999999869
2.0469999999986612
2.0499999999992724
2.050999999999476
2.0529999999998836
2.0599999999994907
2.0649999999986903
2.065999999998894
2.0679999999993015
2.0689999999995052
2.069999999999709
2.0709999999999127
2.076999999999316
2.0799999999999272
2.081000000000131
2.0829999999987194
2.083999999998923
2.0859999999993306
2.088999999999942
2.0900000000001455
2.0910000000003492
2.0929999999989377
2.094999999999345
2.0969999999997526
2.0979999999999563
2.09900000000016
2.105999999999767
2.106999999999971
2.1090000000003783
2.109999999998763
2.113999999999578
2.117000000000189
2.125
2.1260000000002037
2.1270000000004075
2.132999999999811
2.1340000000000146
2.1369999999988067
2.1409999999996217
2.1449999999986176
2.1459999999988213
2.1589999999996508
2.1599999999998545
2.1639999999988504
2.165999999999258
2.1669999999994616
2.1739999999990687
2.175999999999476
2.180000000000291
2.1809999999986758
2.1829999999990832
2.183999999999287
2.1849999999994907
2.188000000000102
2.190999999998894
2.1929999999993015
2.19800000000032
2.198999999998705
2.1999999999989086
2.2009999999991123
2.20299999999952
2.2039999999997235
2.206000000000131
2.208999999998923
2.209999999999127
2.2109999999993306
2.212999999999738
2.2160000000003492
2.216999999998734
2.2179999999989377
2.220999999999549
2.2229999999999563
2.22400000000016
2.225000000000364
2.2259999999987485
2.2289999999993597
2.2299999999995634
2.231999999999971
2.2340000000003783
2.235999999998967
2.243000000000393
2.2439999999987776
2.2489999999997963
2.2520000000004075
2.253999999998996
2.256999999999607
2.257999999999811
2.2590000000000146
2.260999999998603
2.2619999999988067
2.2629999999990105
2.263999999999214
2.2659999999996217
2.2669999999998254
2.2699999999986176
2.271999999999025
2.2729999999992287
2.2739999999994325
2.27599999999984
2.278999999998632
2.279999999998836
2.2819999999992433
2.2849999999998545
2.2889999999988504
2.293999999999869
2.2960000000002765
2.2989999999990687
2.2999999999992724
2.30199999999968
2.3029999999998836
2.319999999999709
2.3209999999999127
2.3220000000001164
2.32300000000032
2.323999999998705
2.32799999999952
2.3299999999999272
2.331000000000131
2.3329999999987194
2.3369999999995343
2.3410000000003492
2.3469999999997526
2.34900000000016
2.356999999999971
2.3580000000001746
2.359999999998763
2.363999999999578
2.3659999999999854
2.368000000000393
2.3689999999987776
2.371999999999389
2.3729999999995925
2.378999999998996
2.3799999999991996
2.3809999999994034
2.381999999999607
2.3869999999988067
2.3879999999990105
2.388999999999214
2.3909999999996217
2.3919999999998254
2.3949999999986176
2.3959999999988213
2.396999999999025
2.40099999999984
2.4059999999990396
2.414999999999054
2.4179999999996653
2.418999999999869
2.4210000000002765
2.4219999999986612
2.4279999999998836
2.4290000000000873
2.430000000000291
2.433999999999287
2.4349999999994907
2.4359999999996944
2.436999999999898
2.4399999999986903
2.440999999998894
2.4429999999993015
2.444999999999709
2.4470000000001164
2.44800000000032
2.448999999998705
2.4499999999989086
2.4509999999991123
2.4539999999997235
2.456000000000131
2.4570000000003347
2.4579999999987194
2.458999999998923
2.459999999999127
2.4619999999995343
2.463999999999942
2.4679999999989377
2.4689999999991414
2.469999999999345
2.470999999999549
2.4729999999999563
2.477999999999156
2.4830000000001746
2.484999999998763
2.4869999999991705
2.4879999999993743
2.4899999999997817
2.4939999999987776
2.496999999999389
2.4979999999995925
2.4989999999997963
2.5010000000002037
2.502999999998792
2.506999999999607
2.507999999999811
2.5090000000000146
2.510999999998603
2.521999999999025
2.5239999999994325
2.524999999999636
2.52599999999984
2.5309999999990396
2.532999999999447
2.5349999999998545
2.536000000000058
2.537000000000262
2.5450000000000728
2.5469999999986612
2.547999999998865
2.5489999999990687
2.5499999999992724
2.5529999999998836
2.5540000000000873
2.5559999999986758
2.5609999999996944
2.5709999999999127
2.5720000000001164
2.573999999998705
2.576999999999316
2.5789999999997235
2.581000000000131
2.5820000000003347
2.5829999999987194
2.584999999999127
2.587999999999738
2.5900000000001455
2.591999999998734
2.5929999999989377
2.594999999999345
2.595999999999549
2.5969999999997526
2.59900000000016
2.6009999999987485
2.6019999999989523
2.606999999999971
2.6090000000003783
2.6119999999991705
2.6149999999997817
2.6159999999999854
2.617000000000189
2.6189999999987776
2.621999999999389
2.6239999999997963
2.625
2.6260000000002037
2.6270000000004075
2.628999999998996
2.6299999999991996
2.6309999999994034
2.632999999999811
2.635999999998603
2.6369999999988067
2.6379999999990105
2.638999999999214
2.643000000000029
2.6489999999994325
2.6520000000000437
2.6589999999996508
2.661000000000058
2.662000000000262
2.665999999999258
2.6679999999996653
2.6710000000002765
2.672999999998865
2.6739999999990687
2.675999999999476
2.67699999999968
2.6779999999998836
2.6790000000000873
2.6809999999986758
2.6899999999986903
2.690999999998894
2.691999999999098
2.6929999999993015
2.6939999999995052
2.694999999999709
2.69800000000032
2.698999999998705
2.701999999999316
2.7039999999997235
2.706000000000131
2.7079999999987194
2.7109999999993306
2.713999999999942
2.7150000000001455
2.7160000000003492
2.7189999999991414
2.7229999999999563
2.72400000000016
2.725000000000364
2.7289999999993597
2.731999999999971
2.7330000000001746
2.7340000000003783
2.734999999998763
2.7369999999991705
2.7379999999993743
2.7399999999997817
2.7409999999999854
2.742000000000189
2.75
2.7520000000004075
2.752999999998792
2.753999999998996
2.7549999999991996
2.7559999999994034
2.757999999999811
2.7590000000000146
2.7600000000002183
2.7619999999988067
2.7629999999990105
2.763999999999214
2.7659999999996217
2.768000000000029
2.7709999999988213
2.771999999999025
2.7729999999992287
2.7739999999994325
2.77599999999984
2.7770000000000437
2.778999999998632
2.7849999999998545
2.786000000000058
2.787000000000262
2.7879999999986467
2.789999999999054
2.7919999999994616
2.7960000000002765
2.7969999999986612
2.7989999999990687
2.800999999999476
2.80199999999968
2.805000000000291
2.8069999999988795
2.8079999999990832
2.8099999999994907
2.8109999999996944
2.811999999999898
2.813000000000102
2.8149999999986903
2.815999999998894
2.819999999999709
2.82300000000032
2.8259999999991123
2.826999999999316
2.8299999999999272
2.833999999998923
2.8359999999993306
2.8369999999995343
2.837999999999738
2.838999999999942
2.8410000000003492
2.841999999998734
2.844999999999345
2.8469999999997526
2.8519999999989523
2.8539999999993597
2.8590000000003783
2.859999999998763
2.8619999999991705
2.863999999999578
2.8649999999997817
2.8659999999999854
2.868000000000393
2.8699999999989814
2.871999999999389
2.875
2.8770000000004075
2.877999999998792
2.8809999999994034
2.881999999999607
2.8840000000000146
2.885999999998603
2.8869999999988067
2.8919999999998254
2.894000000000233
2.8989999999994325
2.9020000000000437
2.9069999999992433
2.907999999999447
2.9099999999998545
2.911000000000058
2.9179999999996653
2.918999999999869
2.9200000000000728
2.9219999999986612
2.92699999999968
2.9279999999998836
2.9309999999986758
2.9329999999990832
2.933999999999287
2.9349999999994907
2.936999999999898
2.940999999998894
2.941999999999098
2.9459999999999127
2.94800000000032
2.948999999998705
2.956000000000131
2.9570000000003347
2.958999999998923
2.959999999999127
2.9619999999995343
2.962999999999738
2.9679999999989377
2.9689999999991414
2.970999999999549
2.9719999999997526
2.9769999999989523
2.977999999999156
2.9789999999993597
2.9799999999995634
2.981999999999971
2.985999999998967
2.9869999999991705
2.9879999999993743
2.988999999999578
2.9899999999997817
2.993000000000393
2.9949999999989814
2.995999999999185
2.9979999999995925
2.9989999999997963
