2.988083167970578
2.9610378914937585
2.910720174478837
3.108754294249654
3.131003078291129
2.983238109095521
2.9747968884863933
2.920114915266513
3.0139373746948994
3.3691576841333375
2.9976327176125874
2.9210061489996124
2.8941335330983597
3.2475874057580247
3.039940979183219
2.845037430517709
2.953162319541407
3.017789585597331
3.07906742796047
3.0307785186883134
3.174657584648969
3.240488374077748
3.0473579295162456
2.9195330033666633
2.866962597457913
3.1793736566757445
3.0320326067527463
2.9334514086501473
3.1779076178677412
3.3722676794135955
3.005627161033818
3.206505374442655
3.049464108861391
3.0707107695678566
3.1884733980735476
3.1965837119985574
3.1833975642868624
3.0552788966401985
2.772381979706171
3.025143812994265
3.4770137761543864
2.953782801513149
3.0472265851905593
3.033892521233802
3.1146917969131644
2.9368362411153908
3.0704536646459486
3.1746113363059756
3.057654286066409
3.1030125574797847
3.3230798472112526
3.119509888166405
3.090376382217852
3.3473439091602524
2.9903874759527707
3.4617091531226065
3.1750584581825425
3.4052509469432812
3.4397390714514935
3.170702600813213
3.1255152243986974
3.1638717867082966
3.3829863237740367
3.123721601125116
3.1768963259935963
3.1650211010057667
3.2730901356909805
3.11702567527839
3.4770539377290177
2.9740117634458625
3.151924162497312
3.1864715692807284
3.064440943074705
3.1910808435820455
3.536099131813466
3.285439297486538
3.1649354435377446
3.066007698809962
3.097629137288233
3.120083748778576
3.4256705454498317
3.1972467262397593
3.199901992116304
3.1851741186431037
3.1456906243435427
2.9874362628521958
3.0135636065198756
3.2353280416645704
3.1867257286054858
3.1117818732509614
3.261428266178192
3.0188137743270516
3.3682751330533915
3.0491880873731247
2.8705533606354146
3.2256199462147523
3.016125051488791
3.1489148008368253
3.5460403855329985
2.8633873362503683
3.2955284282045807
3.262072263389974
3.1285071071786708
3.1652671639508854
2.641975573842198
3.1964419874870607
2.876476700112135
3.2267259411562934
3.102765619389186
3.052096340649285
3.0269729653484534
3.097585427134751
2.6302315331994377
3.1433837843814825
3.035965852156843
3.1198534665212327
3.1176715686216854
3.0161924836153875
2.9729883745850136
2.8880446067730476
3.0189390463347268
3.1188514283850775
3.104372574131606
3.306795858973198
3.084253142154692
3.0370270988772172
3.216372621392396
3.2022825365290495
3.113820281082478
3.139602394532052
3.188306769082199
3.2675704744288976
3.477302445064357
3.0207624980494794
2.964967132447174
3.1874435107686647
3.2273648618223216
2.7942293974127583
3.124441161816954
3.239710993911608
3.1288625709545426
3.4750789078951034
3.1876977550551917
2.9838444583755233
3.354869022438605
3.0979558654591717
2.9406553007941474
2.5935249772213416
3.2887746450165096
2.976558808378756
2.5518389122833227
3.17232927151593
3.0895517050464325
3.180434073713003
3.4951662183088854
3.168572632262798
3.0059923319128043
3.365170310740378
2.8484272531180825
3.273838016337284
3.2734746786202664
3.1062397999815925
3.1386556800716607
3.1673594438445947
2.6973676261253194
3.255629960065335
3.2615909186005165
3.1772725588005812
3.269667610036
3.113760685803014
2.8545896838787628
2.8489076920756284
3.093525747685759
2.9950859673598123
3.4828700885615382
2.9748722191794785
3.057979385945746
2.929887959937461
3.1247638977917447
3.0217595293693793
3.2445501098743144
2.9991405924589576
3.2094778923208795
3.0583009107687507
3.20038193974695
3.0063131145736954
3.1844560298649696
3.047609785883564
3.1785178947854402
3.34161218065331
3.0692366278050294
2.9274277713228605
3.0735304761528757
2.8749794704236806
3.3054236951713367
3.007669140481018
3.0288660714331814
3.15277365506577
3.1190104170076447
3.0959669951316755
3.115852404814997
3.1245676235086037
2.976229800876835
4.709860654062765
3.151551161837107
2.9860820389192457
3.124285224322411
3.294781138566641
3.1531146419604084
2.957643445697319
3.1321466222890275
2.6572469123656663
2.976696940590607
2.843418032174233
2.9039619111652146
3.513090265489645
5.39290164308046
2.6174563290914485
3.0986824311787577
3.1254064641079466
3.27714368788007
2.949427711296944
3.151366631956071
2.9210682024863504
2.9919270646771317
3.4170904209648816
3.093170141642285
2.665219450807643
3.136626833973277
3.152364461408833
2.8176140991151994
3.0661725165307967
3.050694191324476
2.8926200089356278
3.202496455640291
3.2968755378696217
3.1859968040639752
4.211497245031011
4.6524449150266305
3.277012884137151
2.9924935364091443
3.0275871336909663
4.2189843324536636
3.3297171693975742
3.12769181332444
3.4123252343850323
3.4220364185968712
2.8525861003701456
3.112979195361937
3.46256735666169
3.198426454262555
2.892181859976769
5.568601093047061
2.953758374171954
3.3520359065253933
3.0725059072729506
2.999440746653298
3.3858441716808083
3.2252894912821786
3.1285316975766597
2.9825739625137047
3.2133972143412852
3.0424573431685005
3.2515029919340313
3.094713727007492
2.797064368459322
2.883064208496441
3.1727150738557155
2.5663261231865486
2.9237130520801244
2.9757966670936007
3.0608776425074686
2.9448834058474906
3.098098446239171
3.0798341266185165
3.148053802797807
2.859118802027097
3.2024707682507207
3.033313247224475
3.068897886064019
2.9127926722125577
2.5729536246150286
3.0677418317080143
2.6600292356131834
2.6463772480160097
3.1061106356788035
3.095955104999354
2.6274029114150346
3.1491442470383704
3.024795955025814
2.9293606548361044
3.5335153894881692
2.9359381690448165
3.1448195523504263
3.042568302176853
3.2209960645976854
3.1187659258565463
3.1458050505405666
3.185849358757011
3.437267032415766
3.1583519721705184
3.0596574791123547
3.088326105913373
3.1466502025034204
2.9673384838103996
3.0168742824208175
3.001962589719954
2.8582177378909592
2.974960661237859
2.815386946748878
3.0982202325561152
2.476446423022811
2.9876732360957132
4.189551606865532
3.0460582176074364
2.9806765844467784
3.0785961326905524
3.261213736000357
3.1319075285389513
3.037858828240505
3.0112984693775746
3.137446970845033
4.212279382569686
3.0810550420533205
3.2974970526042586
3.1254339529321244
3.0628438797652593
3.1066702654938
2.965755429783149
3.1709420360786273
3.2157577259895023
3.0761546142583405
2.7445443881835287
4.376258340541296
3.080089670481772
3.167641126371596
3.40138566768323
2.957396294639112
2.952799241482159
3.2496373090028166
3.2158455897192226
3.1080935156942355
2.9358560533242435
3.029360347443202
3.404304513967344
3.1522405812424696
3.3265571374821836
3.1612961634526493
2.8735915889962316
3.122703856146085
3.1258508014163207
4.979052613537262
3.1688438662150076
3.084393268703471
3.3088088994466265
3.184336430864286
2.885176680055044
3.0789079596494773
3.1239143526883932
3.3797192311256863
3.193142295091326
3.1251821076770745
2.8749591922557918
2.9924905249537304
3.2169235751331064
2.933183852308732
2.9680851061385654
3.0846310564223396
3.312340482527356
3.2275861109156523
3.0180418335457553
2.6681210604147734
3.2784547532252075
2.863044508468777
5.142917692547722
3.373226304059309
3.0663759882214734
3.4623305257191896
3.2049716155134154
2.5848157204210223
3.0658733442063513
3.027086189959117
3.163201136212016
3.376979228006836
3.185294639833684
3.219476326144469
3.0269302593213423
3.4555268115094755
3.108184123343331
3.0492279811748504
2.717986637038975
2.8427842383309665
3.1894241950546345
5.057154781279981
3.0109174628869115
3.5036589307197765
3.117309043599511
3.084351300488019
4.1125510443612985
2.9983126210073108
3.174924854407033
3.318533393261728
3.1903933595408462
2.902857326932271
4.956796866091601
2.6569981982417246
3.4416871163526457
2.9988538174191115
3.33561770678061
3.304977414170114
3.2872514873169423
3.276518358076498
2.965143733420758
2.9385860400479697
4.631702118074
3.2103076645984654
2.923163722091317
3.2028916890637404
5.279743872052576
5.14003429517987
3.086155355071414
3.0748602346208584
3.1622288505290848
3.003529720787087
2.9426583393189287
3.3728423640529472
3.094012377737381
3.0117272803269985
2.741687979381888
3.1898901580639714
2.9492182013764636
3.0659224107544936
2.9475156971763714
3.407095854724821
3.227731015765276
3.212589855759888
3.2234384978919723
2.632754360252339
2.5052526946549283
2.9839750866973866
3.1642828624974904
3.1718999286937217
3.0138792356818587
2.9930644908985724
2.9504546010382158
3.1015852031040785
3.1190319571049514
2.6699664308323454
3.395728998254402
3.008645166002058
3.224954317107463
2.909146414967837
3.1374844288819923
2.568927209217002
3.320135744004355
2.5874803295601003
3.0451748561931717
3.0717189230102067
4.322373950048577
3.210695462965459
3.3508058223926716
3.0504610449342655
3.2598914439112345
2.8490384114951
2.609404783216447
3.2997211262012014
3.2116376158206315
3.111617864972768
3.0591967754742906
3.1680434665060107
3.199428328417738
3.231818932218456
3.1342881886686573
2.6458812270664587
2.89960686191964
3.0205664640723313
3.101868285312063
3.279208355387026
2.7916550814269336
3.0124444778232657
2.50420431481956
3.1666686465772376
2.9730595643089415
2.864996663586452
3.207464937139842
5.122865383379565
2.710853576685537
3.19107530840878
2.6659744845444657
3.226955488311032
2.5061619618420528
3.136758809935214
2.481571694831015
2.9606986489622544
2.9715046161686356
3.2733332333885774
3.0258681434366865
3.1110644688317106
3.118285909961084
3.336131881419723
2.6205684150012716
3.182946201105863
2.6686526178038994
2.9701858697335664
2.6753473283082263
2.673118976749097
2.9665249031574628
3.0435236273796837
2.5459654458084424
2.8041725170491802
2.6454427765102446
3.3392419996564544
3.2789279087753007
3.081476583008044
3.145124543234545
4.935865881092667
3.0036315832687595
3.3984731120984994
2.9054145189566523
2.603312219146209
3.010418780763384
4.676755922462864
3.2399327265183007
3.0470406752462393
3.257681422374068
2.602518982430957
3.174043708513292
3.2360002014962466
3.1053404143391696
3.343022740302088
2.509963795831054
2.481098850034831
3.370850662261477
2.9775238722632418
3.124196899977862
3.418099122362024
5.141137488681396
3.2920272832746535
3.1307305286224136
3.225503440870557
2.7652801371214886
2.771290291352786
2.7615659512396964
3.082726916778552
3.164562260918392
2.6557044560661387
2.45933340258401
3.022038107005473
3.1237661686570575
2.9341237281058077
3.171842250376914
3.180711472857069
5.08317168772349
3.169885544790317
3.0109954887738817
3.3191062259668778
3.1114408268893525
3.025689905535836
3.0325894449791435
2.9480659944646526
3.4768026489222503
3.4658409447521707
2.905667756024708
2.6512250315042354
3.0512706729697476
3.4075922099030267
3.119528943550812
3.023476622358754
2.6159556858337063
2.765950123222166
2.9523089720888844
2.8364972751426736
2.7012726088824857
3.047222836331316
3.166064825895679
2.512062227766831
3.4140221221368003
3.0346338599421094
2.5159334372942816
2.7704313881585283
2.9873880064719867
3.0897327485988426
3.1405248597412703
3.1574168127602174
3.0569389733042
3.1541277984922833
3.19514633896481
3.14611082071529
3.137020025936268
5.952811422696385
3.1008055543968376
2.6557256524254016
3.042990998080679
5.533420102468028
4.261759772112184
3.373851599881989
3.400213134084025
3.478024776646855
3.0071970110492607
2.9503116546281194
2.9665601482936825
3.121456658899189
3.183981247751891
3.2975365920829534
3.118541015025485
2.5466685935391444
3.3900798727620245
2.8140858938258084
3.0311518823025505
3.0644143175582843
2.497845626502198
3.3892429113975227
3.0591709251869283
2.763370336013632
2.7505988506948
2.6967447781586524
3.159873614992296
2.7570183147711673
3.0147542582129887
3.0504681397604165
2.5954953899108264
3.1344134715865084
3.2214657461905745
3.1902212464534094
2.5896624769796937
2.543275136191665
3.416665255080947
3.0375831859079674
2.8699543813287063
3.054711349661817
2.9843216251381333
2.594050899384463
2.903326978615738
3.2083199216939216
2.7275831145473166
3.1439226687099215
3.0988846058514325
3.256742847760735
2.572753866488757
3.1252872386285304
3.311600672591076
3.0419957122482653
3.3725556175587768
3.2487880027238947
2.9884969502629386
2.555832488268855
5.308131105247168
3.05886456390562
3.436644516184454
3.241291182994648
2.9940091037801375
3.143422600744548
2.8926830507646577
3.2588338993463415
3.462334814345424
2.957863925627893
3.402447368240672
3.2736141642036136
3.049252218227139
2.988902861582094
2.518524704595809
3.275256692476498
3.3055875848537823
4.459741109680807
2.956283158340358
2.9515565629027694
3.183874429729704
3.09282983121381
3.4833092116553104
3.1828492994848485
2.5213059392604293
3.2249686242937186
2.720647206930857
2.7623532782086375
4.844034276735047
2.9657704622205503
3.456769863413758
2.638629778673537
3.1376362440491308
3.022932070557115
3.3822074560095006
3.174195654583104
4.335479777410517
3.182724492802813
2.8844844784919323
2.9491738090222723
3.01626288261475
3.2458444536207844
3.240042004615176
3.246684915058388
2.5012426987952225
3.082138998634984
3.256675060444761
2.5907692123578183
2.639852027052578
2.924799684410086
3.2770994670401263
3.03098850852774
3.1414745544776
3.1800439891080874
3.1970343812322195
3.1472574908910045
3.183462909834461
3.025459493819491
2.4976362204458322
2.8581653858758984
2.9980413027436144
3.028062999987052
2.5122214084268055
3.0016266821284114
3.166072514205469
2.4904622066824738
2.7544750602877697
2.620346736604491
2.504572014949756
2.521504842239082
3.5491558992103593
2.929885375390208
3.0519674997890633
5.0508726024137856
5.435271521823658
2.6671501129388133
3.21091905830759
3.2060114570609324
2.6160360896031096
3.1502048564706806
2.701911102237749
2.5997254134825134
3.42252654889761
2.492172417255276
3.1632027147500748
3.273500534964884
3.512781533024692
2.9398101556605174
3.1407447491067915
2.63032310509553
3.2140991324099977
2.6029520047673897
3.036229784684747
2.494421062193881
3.175050794337782
2.6230447649643738
2.5135383985321704
2.89200726145634
2.6175313742688977
2.9989414587636816
2.6298157857690807
2.4804548690280956
3.0777211986974278
3.451520506300987
2.5164206931503172
3.1743634881826206
3.3266762747071126
3.2585002650166257
2.478292366255995
2.9508132409266192
2.696497078861769
3.1426297520575854
3.293198033904395
3.027215387700668
2.7413127641689967
2.595079533805456
3.1629416956174063
3.037325258824863
2.891416145734902
2.873159877296453
3.0202981784238965
3.327709758861469
3.0953419982670334
3.2157609927410276
3.1831493056619666
3.238172946709169
3.1068975566491672
2.9351432763330343
2.929643072822696
5.14598051261907
2.7525937664497633
3.216545061636426
2.8676431336535506
2.5125266817282697
3.7419339622329857
3.1951729450932795
2.7517768147977906
2.8013115981499084
2.6542451875270148
2.885749338689675
3.1909671142537257
3.4281595467709765
2.4378566564162374
2.6052018221517934
3.2556659924124016
3.2016341478571153
3.1623345818606876
2.630328505114351
2.582119556862495
3.3752033950678872
2.5229692585622687
3.33318432870866
3.45334106885981
4.243925647712379
3.0709941980009487
3.0520244144930353
