3.035273008533433
3.005709433883614
3.0157281714549473
3.0062700851264883
2.970572244282269
2.988324759083328
2.946733453708481
2.9577084997643732
3.0284648235838394
2.8898063901370983
3.017854891363689
3.0164159312501955
3.0249663382015988
2.9892726798762412
3.0752526462198815
3.006973331358923
2.950801587927999
3.0391814078413577
3.044605984731258
3.0379790847343777
3.0503929708218127
3.1158068432145347
3.0491001945481386
3.2471947891839243
2.966759256627765
3.0249015095014395
3.0254648746456443
3.020471265883213
2.909673067266918
3.0772061163850997
3.1422977263457166
3.0010150446098836
3.1533683988984076
3.182117699333786
3.034692953281246
3.021572514656687
3.0161065737274697
3.0912544502364248
3.0334880749958026
3.052756819124274
2.940533320061157
3.0510890056479476
3.0748166738445524
2.945376975710524
3.0558110043704714
3.007126711814145
2.98454680488531
3.0125407936330526
3.0599515670844464
3.0592494204704024
3.014195662947298
3.080221024775012
3.1562070114449967
3.0604667413154796
3.050810340816534
2.9816879113995056
3.01102923689605
3.0726412180337745
3.0033983629786514
3.0649324721093527
3.086516126923092
3.015018305136794
3.0398543843057406
2.9152881055366495
3.0582639330830172
3.0489281687317105
3.0720455059153817
2.8790270655596664
2.9870926909418944
3.0148080260270977
2.858114380850036
3.001635441948841
3.104903924527516
2.994391894571813
2.927825372916483
2.902462699585061
2.910504007052462
2.986442834975471
2.8964088229945415
3.05997888086842
2.98615817758261
2.9041798456180037
2.9896549051511627
2.89341279019266
2.890303616440441
3.1043160007108503
3.0775421338423445
3.011136962035953
2.8658494422548193
3.1149658482688785
2.932985370125101
3.043977683729578
2.994442745629084
3.0626256667759675
3.043838454481596
2.8163047849350935
2.848086347822003
2.887567541774843
2.995635142105729
2.9779827683356843
2.923392809435401
2.9060021739171256
2.6712189950837892
2.971969199224031
2.97995823992088
2.85616645490467
2.8839506589286543
2.9169153694639474
3.064553587668447
3.022941285274438
2.7657060853961797
2.9820692992975797
3.112363768384676
2.958716449271784
3.0688489450358376
3.03614944097283
3.1029627983114074
3.063964253363085
3.062484142634669
2.9164468001245085
2.9599067336433045
3.0350744398170826
3.0271613073741803
2.975302663028259
2.9153770940301067
3.086319202460875
3.034702142295199
2.796327419500955
3.226222797652437
2.8593400549997408
3.05384253877413
2.9735564609191703
3.1135394380847248
2.9698863621334333
3.072305814910418
2.935032059300474
2.8625779975909
2.950232463538791
2.918583125463551
3.003233785718135
3.0519873732989202
2.9429998071365895
2.938799213908275
3.0012570299239254
2.925403343906035
2.860669687926158
2.963730885334472
3.2671668423509845
3.08802382474154
2.9984401943907657
2.9982193829689443
3.0099345381280003
3.1245816189011513
2.925058452432331
3.034576865386815
2.8898617029639215
2.98524411550396
2.9777566837173635
3.080835245130731
2.9049132018606074
2.971095150171912
2.8900218517620964
2.9086381529009206
2.8574957972725534
3.0356481571133243
3.164810130454626
2.8164228449026307
3.0040347878758844
2.8239626629122943
2.935324614274361
2.723220295530774
3.0688448808615916
2.9833563110656036
3.021683571051732
2.9701352190149835
2.8245961356899305
3.3115346885299983
2.914676418183015
3.037612294383575
2.8493921022927786
2.926920081467164
3.0643254520807877
2.888602037104159
3.076344309633273
3.0886661241766764
3.0054400958513883
3.035624113216499
3.0244948230555093
3.0530664676858312
2.856797729871684
2.9043655080917086
3.0980196687757067
3.014440201357689
2.874539367547137
3.078918564647128
3.1234298197521353
2.934942983274691
2.9749077621551105
2.94041217447379
2.807406541576053
3.12895188090731
3.3732612763900907
2.970952112481567
2.9170626945170723
2.9136143745175604
2.9237422804509587
2.94038302162538
2.9474099289745497
2.937298150996359
2.9970528432850476
3.05532346257849
3.005350430038252
2.9990713905361353
2.935365912735069
3.1179354102432084
2.919351065683412
3.1360349758374877
3.132334608766041
2.9942781469791115
2.8703671600566474
2.924133238394942
2.9291004525686075
3.145128517082941
3.083753717046101
2.9354988858447864
2.7773438475290995
2.9913659211223758
2.8250260181468754
2.9280642882215657
3.173529133264496
2.880700228352852
3.0175617699397086
2.915694387642123
2.857588676477267
2.954719939737646
2.8973614208945295
2.755673532423266
2.906695301269358
3.017581820600993
2.94275511406224
2.889937425660993
2.876517258927857
2.9817190996440326
3.02413434004478
3.101829100225974
2.8117002188903237
2.9219391300871878
2.9560940172440473
2.9521408061569794
2.9764346940313318
2.821089637020988
2.8092497385107107
3.149246070387223
3.3043171544293672
2.9371334151494346
3.076088423025525
2.9437084223020342
3.1580526323676112
3.024514992519279
2.9497593541558302
2.934281845436175
3.0213883099291894
3.0408771052592494
2.937120274535608
2.8967763747996647
2.9237738911763897
2.9890866014010316
3.1283012876765457
2.9601233860995397
2.953126712575074
3.1932185488777827
3.129965114504402
2.962655730349147
2.9485304298740287
3.0567601644330114
2.6822635905824996
2.964020733607731
3.0290122580242658
2.9571058590379673
2.7234841922015436
2.8605309550269213
2.986034138419437
3.0570732120916584
2.9269647536265744
2.92443869760966
2.8742251688627447
3.157381227381948
2.936488669591278
2.9395985262450726
3.1334382620094523
2.99820507720311
2.889515416895424
2.78783691901355
2.924772175896294
3.0822737812949375
2.7917192417577668
2.8119046895561732
2.8793340920986514
2.9587469536979585
2.888329168439207
2.749569283848342
2.912706568153859
2.9178982333595416
2.88810554295011
3.0611924609181376
2.9903502411543075
2.9386464226767477
3.0190030911168355
3.038690106653977
2.8309170191972153
3.0114159248701746
2.9359503560379605
2.8345803371715097
2.9380081723463394
2.8457137731002864
2.929267099269603
3.229874491018
2.974723371482091
2.9487832444164077
3.1302639722410843
3.1933479773070066
2.821468273961636
2.9857171349404266
2.8780676980531013
2.7253971850358902
3.0731065563799485
2.898439735002039
2.954329477502895
2.843527759374402
3.066696180500111
3.011421850377014
3.1017336618628
2.840599882361907
2.8062280338083245
2.996354353232057
2.8460692237249807
3.0383168523700004
2.738587983058206
2.9850022199301223
2.810330066377252
2.889327976662385
2.950759979013543
2.7666576256194744
3.075128954480689
2.9068995120364143
2.952903151785257
2.9844555053966917
3.204108540758836
2.972635108727767
2.9418082200814015
3.003477794564323
3.1561149930444943
3.042351542315859
2.8689298603110203
2.8841740696008222
2.9710537781173314
3.044081960037258
2.9406703805549994
2.9621272289761884
3.026496626425624
3.1623538656584422
3.0488620895931886
3.125285814989143
2.9092660214557644
2.9142775035530013
3.0355340010085663
2.8611384771150323
2.9377279762828903
2.813945114698595
2.9298052875147165
3.2658999502489325
3.201222776146545
3.017136002667245
3.13321426965251
2.8459127579591397
3.0058101872158414
2.9407582316310155
3.03653971400421
2.928050840557951
2.9648193141571473
3.036097733086774
2.9935915834613627
3.0376115460557838
3.063418738689537
3.083371331546907
3.0773404696331674
2.8589903398390013
2.924626918030057
3.0080891091686772
3.165947654654394
2.9281889774776935
2.9471334135525216
3.102107599083574
3.067921325859434
2.8994977492241456
2.9006907150373102
2.9791665909365523
3.072222203034974
2.8980336503284723
3.059503835786105
2.9234323526341095
2.775101292036293
2.9952247327435777
2.955340744558804
2.936665478633688
3.0884313049940384
2.766477011166588
2.946298563914577
2.9595904640762365
2.9053586792545767
3.05624413713763
3.2054815380295674
2.891820668998262
3.0557357775495015
2.9392358990335783
2.9857013342399448
2.898142269028231
2.94873936799932
3.0006449132113957
2.997439034394462
2.861949313023528
2.873564550062981
3.0418661126019395
2.9851442879676235
2.84550409389536
2.9622764938655357
3.2366822328529588
2.883011249822965
2.9095783589272814
3.022513192783477
3.205164705258252
2.921066189217734
3.1558714372356396
2.9192132107318045
2.8325002054070763
3.029506300602038
2.661660531480489
3.0463556228938646
2.949450776874992
2.940578019107414
3.1101008200691873
3.0664041214527527
2.8384708267366814
3.0891552271870677
3.1620064684665845
2.9931832749728606
3.31218524533962
3.0173524290352387
2.9994414272478065
2.740315880975721
3.1135237587688063
3.0431694224125834
3.0789737468719847
2.868261044360739
3.0002467050960533
2.737773340395592
2.815109177458334
3.018479644899119
2.8007403573915925
2.870790317491908
3.0646035450100615
2.6896606353916415
2.9697958653420407
2.9580913804157576
2.9306707719884266
3.0441891345443604
3.3583859555737394
2.790048020023927
3.048827374436624
2.7667520781168076
2.9524599573060097
2.738174827284888
2.999343440161348
2.9854728665606576
3.1981565308288475
2.9775090189683384
2.929508658059127
2.882857375166736
2.8688970841950714
2.868248426025819
2.8697748320840635
3.007703804299428
3.275572986203954
2.8489169376117776
2.9433433174070274
2.991821797298206
3.1176064864868795
3.014636514184956
2.716795958469683
2.9246890928691522
3.058749643426961
2.7985109743025958
2.9460221924139933
2.8803168149210188
3.1115155549043356
3.0110596629271287
2.783472951604664
3.021397592662304
2.9181277403539743
3.045256687743441
2.905827214843639
2.7573228397365943
2.916662842811848
2.7654829136166605
3.0146318023070258
2.760446893357908
3.115414623500449
2.8407110339871195
3.184650100578016
2.978250305930219
2.901438277248757
3.047584848242961
3.040768008148965
2.931942695533229
3.0253913963805177
2.941122954054337
3.1561453082468973
3.082790727555561
3.0576327810951347
2.9559654961900743
3.078838032561558
2.9282258722329586
3.1025021761019573
2.9681429196107083
2.939020648269609
2.940820551505303
2.877049090023348
2.919993689333956
3.0421324055582875
3.0680447793636443
3.075613027533962
3.018899958048893
2.9628407906045156
3.0532177376372918
2.8679713837668848
2.830838665736069
2.8522014013126094
3.0722785043283514
2.9933165522977725
3.1170301911228027
3.122269091734269
3.120695144415482
3.123670259953058
3.003251692336919
2.9692206632305598
2.9237418161121607
2.9063598907101476
3.159093722959307
2.963248513487475
3.025263167666058
3.2415735840063564
3.2463329989723246
2.978942012673731
2.872605044423896
3.018050290343242
3.0066589212398727
2.864872573332471
3.0437607635064197
2.8589636402049576
3.0545460372321687
2.8701222216565525
2.8688639105190075
2.873921461748317
2.9510584914763927
2.837806065222885
3.081074920360914
2.872064584397661
2.869072891234346
3.0387132164265696
3.015878842790219
2.935241059394262
2.84111378501607
2.862494139172114
2.76883918275632
3.07387529866367
2.978624684928312
2.804854074934669
3.0548090958348477
2.964692114688267
3.190470354387603
3.136651559167429
3.0372872132220046
3.0803872701336354
2.701252827724784
3.019161866762491
2.958104452906674
3.099356915550227
2.969450132262196
3.0866966944844014
3.153888546648539
2.90594915219309
2.711025841661813
2.986322167175945
2.917078715728486
3.1970616554582088
2.887275689846096
2.981630287979114
2.8201132689992945
2.8845932543884607
3.0326089316023355
3.142394896849294
3.0655346574329574
2.87995707582097
3.0831613489779
2.9272167974430015
3.0072304766988345
3.0070387003215946
2.843465332883233
3.0002446990873075
2.8413767085033172
2.8462485532795463
3.1527567577983846
3.013446783447121
2.9941410520573064
2.8551200204854172
3.018686217426931
3.259859523364549
3.040538791948234
2.957410713819579
2.8383195258141907
3.042715905967866
3.0902716142813267
2.8955891202512287
2.845798894846682
2.8395110851128953
3.031392872641042
2.9400485880491263
2.93412743690722
2.9802630562307786
2.856519080047266
2.868281530633812
3.0333623612253646
3.125026304812821
2.87576030256552
2.9270367345909545
3.0507598947628423
2.9428763777531683
3.096387583464098
3.099199634961331
2.9363264587608127
3.0919368082018317
2.888978743883871
2.9715889843131715
3.1417506534622137
3.1070862508695916
3.0003952888865
3.013200292691822
2.7183869796293645
3.0156886362518964
2.936128664826706
3.0658769050486026
2.870087476312994
2.9759953634050382
2.969026086312623
2.8420044230210935
3.0005905130049992
2.884070783646741
2.7612231761788375
2.6207531476383674
2.967112853928884
2.7575976364715036
3.015918391731451
2.75149154918326
3.0526526226162076
2.8836865105890923
3.026199385009744
3.169698900798824
2.947449848890919
2.9408619392531516
2.8846233322733066
2.8548378030958825
2.844083527924187
2.8713428633834157
3.1112214762781214
2.990035541510178
2.960938982600119
2.866073506603363
2.967077354934488
3.104527772796826
2.889522435628396
3.1260436591171685
2.8511336578042954
2.9436838471502123
3.0114848099289784
2.9310477472652057
2.9485136011286426
2.8472585567488156
2.8888646118659613
2.9179207044458746
2.9128342242289804
2.931274880954611
2.9086539835281315
2.9024144298042844
2.9364249956483888
3.201731824385026
3.194053610731859
2.8809612793282127
2.889565257358628
2.9129056551778367
2.943591222113296
2.8473918877676083
2.9146225600487106
2.9827455073402316
3.360216639914577
3.013212941145884
2.795980163478775
2.8310955988231465
2.9107610511135653
2.956694604760248
3.1322346091978055
3.1706045852967213
3.070098972988296
2.8411079590381423
2.9319011288178056
2.996532858833716
2.973255955957984
3.01620999499555
3.1680314585837728
3.0803743229381997
3.011119778185592
3.1034134712784724
3.3085690689268783
2.918647213385797
3.029659454176246
2.9452241975307083
2.88803792443346
2.8321347449686334
2.9168849214725623
3.140996306774267
3.0773392178105596
2.779313562987876
2.966069296550686
2.9419213268486657
3.1079627746479916
2.9008658558122358
2.934160531639784
2.8644568371105037
3.00553445311062
2.965004073560564
3.174848086245226
2.869994157135088
3.0641394663062242
2.9752730952939084
3.172230768161629
3.072181372039603
2.7639841226129045
3.0882820524369605
3.0763088299969414
2.9498371805976
3.048701100972239
2.8743946760415726
3.0681214044115226
2.9996784748469034
2.795896213586502
2.983082306527183
3.051039879257882
2.8589926713908564
2.941366977074723
3.138098512342292
3.186118715922517
3.0540066068261256
2.91521025952722
2.9996556170585102
2.740711378071592
2.829637484091908
3.137371250076557
3.0084339704789045
2.9729963269225013
3.007523444598404
2.924406762943626
2.9512036927062635
2.8104334235369657
2.9587316312164305
2.8171445785346267
2.888516412493145
3.1025875787070225
3.00947662827731
2.7750770701483534
3.004966989940369
3.0203815521521507
3.075362768512106
2.9287606609586962
3.0569872998690846
3.036168524429249
2.996214425794174
2.9318545864416827
3.15056850935168
2.788177065434031
2.9066351819935643
2.8635524302517092
3.1766139793095536
2.8558834793181567
2.973445648533431
2.948325805176632
2.899090434059265
2.973328903118508
2.849734627850206
2.996270425547385
3.07109385066373
2.9843381666756064
3.3332845774041346
3.46993936316624
