-13471.385
-13471.355
-13471.353
-13471.343
-13471.341
-13471.322
-13471.313
-13471.293
-13471.280
-13471.252
-13471.245
-13471.226
-13471.200
-13471.194
-13471.182
-13471.133
-13471.117
-13471.088
-13471.060
-13471.039
-13471.036
-13471.026
-13471.019
-13470.997
-13470.969
-13470.932
-13470.897
-13470.887
-13470.880
-13470.862
-13470.848
-13470.844
-13470.843
-13470.842
-13470.840
-13470.839
-13470.835
-13470.824
-13470.814
-13470.804
-13470.802
-13470.798
-13470.794
-13470.784
-13470.774
-13470.773
-13470.770
-13470.769
-13470.765
-13470.752
-13470.747
-13470.737
-13470.736
-13470.733
-13470.718
-13470.701
-13470.698
-13470.693
-13470.686
-13470.683
-13470.682
-13470.673
-13470.659
-13470.647
-13470.639
-13470.637
-13470.633
-13470.627
-13470.620
-13470.594
-13470.590
-13470.574
-13470.557
-13470.548
-13470.546
-13470.536
-13470.534
-13470.533
-13470.532
-13470.531
-13470.528
-13470.527
-13470.526
-13470.519
-13470.518
-13470.504
-13470.492
-13470.483
-13470.482
-13470.479
-13470.462
-13470.449
-13470.443
-13470.440
-13470.415
-13470.411
-13470.404
-13470.401
-13470.400
-13470.389
-13470.385
-13470.382
-13470.380
-13470.368
-13470.365
-13470.363
-13470.362
-13470.361
-13470.359
-13470.358
-13470.355
-13470.351
-13470.348
-13470.341
-13470.325
-13470.322
-13470.319
-13470.308
-13470.299
-13470.297
-13470.291
-13470.290
-13470.277
-13470.275
-13470.272
-13470.266
-13470.261
-13470.258
-13470.239
-13470.235
-13470.228
-13470.226
-13470.212
-13470.203
-13470.197
-13470.192
-13470.183
-13470.164
-13470.163
-13470.158
-13470.156
-13470.140
-13470.137
-13470.135
-13470.129
-13470.128
-13470.125
-13470.113
-13470.107
-13470.100
-13470.096
-13470.094
-13470.092
-13470.089
-13470.087
-13470.084
-13470.070
-13470.069
-13470.041
-13470.032
-13470.023
-13470.022
-13470.010
-13470.007
-13470.004
-13470.000
-13469.999
-13469.991
-13469.983
-13469.979
-13469.972
-13469.966
-13469.961
-13469.958
-13469.947
-13469.943
-13469.923
-13469.922
-13469.916
-13469.901
-13469.894
-13469.893
-13469.886
-13469.883
-13469.881
-13469.878
-13469.872
-13469.868
-13469.859
-13469.855
-13469.854
-13469.853
-13469.850
-13469.848
-13469.847
-13469.832
-13469.830
-13469.829
-13469.818
-13469.808
-13469.807
-13469.799
-13469.793
-13469.787
-13469.786
-13469.780
-13469.778
-13469.777
-13469.775
-13469.772
-13469.768
-13469.764
-13469.761
-13469.756
-13469.754
-13469.750
-13469.746
-13469.740
-13469.739
-13469.733
-13469.722
-13469.717
-13469.713
-13469.712
-13469.709
-13469.707
-13469.703
-13469.696
-13469.694
-13469.684
-13469.681
-13469.680
-13469.678
-13469.676
-13469.670
-13469.668
-13469.662
-13469.656
-13469.650
-13469.648
-13469.647
-13469.643
-13469.642
-13469.634
-13469.632
-13469.624
-13469.623
-13469.617
-13469.615
-13469.614
-13469.608
-13469.601
-13469.600
-13469.598
-13469.593
-13469.592
-13469.588
-13469.584
-13469.583
-13469.575
-13469.574
-13469.572
-13469.559
-13469.556
-13469.552
-13469.549
-13469.545
-13469.536
-13469.535
-13469.531
-13469.512
-13469.510
-13469.507
-13469.494
-13469.493
-13469.491
-13469.489
-13469.487
-13469.479
-13469.469
-13469.463
-13469.462
-13469.460
-13469.454
-13469.453
-13469.452
-13469.449
-13469.439
-13469.430
-13469.429
-13469.427
-13469.426
-13469.423
-13469.410
-13469.408
-13469.401
-13469.395
-13469.394
-13469.393
-13469.386
-13469.385
-13469.384
-13469.378
-13469.370
-13469.363
-13469.362
-13469.361
-13469.360
-13469.359
-13469.346
-13469.329
-13469.319
-13469.311
-13469.308
-13469.306
-13469.305
-13469.300
-13469.293
-13469.292
-13469.289
-13469.283
-13469.269
-13469.264
-13469.263
-13469.261
-13469.251
-13469.249
-13469.247
-13469.246
-13469.242
-13469.235
-13469.221
-13469.208
-13469.203
-13469.201
-13469.199
-13469.192
-13469.191
-13469.187
-13469.178
-13469.170
-13469.167
-13469.162
-13469.151
-13469.141
-13469.140
-13469.138
-13469.136
-13469.135
-13469.134
-13469.130
-13469.122
-13469.120
-13469.118
-13469.117
-13469.115
-13469.105
-13469.104
-13469.099
-13469.097
-13469.092
-13469.091
-13469.086
-13469.084
-13469.080
-13469.072
-13469.069
-13469.066
-13469.062
-13469.060
-13469.057
-13469.056
-13469.053
-13469.050
-13469.043
-13469.042
-13469.041
-13469.039
-13469.037
-13469.036
-13469.035
-13469.034
-13469.026
-13469.019
-13469.017
-13469.016
-13469.008
-13469.006
-13468.991
-13468.988
-13468.986
-13468.982
-13468.980
-13468.977
-13468.976
-13468.965
-13468.961
-13468.959
-13468.957
-13468.954
-13468.953
-13468.948
-13468.946
-13468.943
-13468.940
-13468.939
-13468.937
-13468.933
-13468.929
-13468.923
-13468.918
-13468.916
-13468.913
-13468.912
-13468.907
-13468.903
-13468.897
-13468.896
-13468.893
-13468.891
-13468.890
-13468.888
-13468.884
-13468.879
-13468.876
-13468.874
-13468.870
-13468.869
-13468.864
-13468.861
-13468.860
-13468.857
-13468.853
-13468.850
-13468.847
-13468.840
-13468.839
-13468.838
-13468.833
-13468.832
-13468.828
-13468.824
-13468.820
-13468.819
-13468.818
-13468.817
-13468.808
-13468.799
-13468.796
-13468.792
-13468.791
-13468.788
-13468.787
-13468.785
-13468.784
-13468.783
-13468.779
-13468.773
-13468.772
-13468.771
-13468.770
-13468.764
-13468.760
-13468.749
-13468.746
-13468.745
-13468.741
-13468.734
-13468.732
-13468.731
-13468.725
-13468.724
-13468.720
-13468.715
-13468.703
-13468.701
-13468.695
-13468.690
-13468.684
-13468.682
-13468.680
-13468.679
-13468.676
-13468.665
-13468.662
-13468.657
-13468.652
-13468.650
-13468.649
-13468.648
-13468.643
-13468.638
-13468.637
-13468.627
-13468.619
-13468.611
-13468.606
-13468.603
-13468.602
-13468.599
-13468.597
-13468.590
-13468.585
-13468.584
-13468.576
-13468.572
-13468.565
-13468.558
-13468.550
-13468.542
-13468.540
-13468.539
-13468.535
-13468.533
-13468.531
-13468.529
-13468.526
-13468.518
-13468.515
-13468.510
-13468.504
-13468.503
-13468.502
-13468.497
-13468.494
-13468.493
-13468.491
-13468.490
-13468.488
-13468.487
-13468.485
-13468.477
-13468.472
-13468.470
-13468.469
-13468.464
-13468.461
-13468.454
-13468.451
-13468.448
-13468.446
-13468.445
-13468.443
-13468.436
-13468.435
-13468.429
-13468.426
-13468.423
-13468.422
-13468.420
-13468.417
-13468.414
-13468.410
-13468.409
-13468.405
-13468.400
-13468.399
-13468.398
-13468.393
-13468.390
-13468.380
-13468.372
-13468.370
-13468.369
-13468.368
-13468.366
-13468.365
-13468.361
-13468.354
-13468.345
-13468.340
-13468.339
-13468.332
-13468.323
-13468.322
-13468.306
-13468.303
-13468.300
-13468.275
-13468.269
-13468.263
-13468.259
-13468.256
-13468.255
-13468.251
-13468.250
-13468.239
-13468.233
-13468.230
-13468.229
-13468.226
-13468.224
-13468.223
-13468.222
-13468.220
-13468.217
-13468.215
-13468.207
-13468.200
-13468.196
-13468.183
-13468.182
-13468.179
-13468.178
-13468.175
-13468.171
-13468.159
-13468.158
-13468.154
-13468.152
-13468.151
-13468.148
-13468.147
-13468.141
-13468.135
-13468.134
-13468.132
-13468.120
-13468.112
-13468.110
-13468.109
-13468.106
-13468.105
-13468.101
-13468.100
-13468.099
-13468.092
-13468.085
-13468.084
-13468.083
-13468.081
-13468.080
-13468.079
-13468.076
-13468.075
-13468.074
-13468.071
-13468.070
-13468.069
-13468.066
-13468.063
-13468.050
-13468.047
-13468.041
-13468.040
-13468.039
-13468.033
-13468.026
-13468.019
-13468.013
-13468.012
-13468.011
-13468.006
-13468.005
-13467.996
-13467.993
-13467.990
-13467.988
-13467.986
-13467.980
-13467.975
-13467.965
-13467.956
-13467.955
-13467.942
-13467.938
-13467.936
-13467.932
-13467.923
-13467.920
-13467.919
-13467.906
-13467.904
-13467.901
-13467.897
-13467.890
-13467.889
-13467.888
-13467.874
-13467.869
-13467.859
-13467.853
-13467.850
-13467.844
-13467.834
-13467.830
-13467.828
-13467.818
-13467.817
-13467.808
-13467.804
-13467.801
-13467.794
-13467.788
-13467.787
-13467.785
-13467.784
-13467.783
-13467.782
-13467.778
-13467.777
-13467.773
-13467.771
-13467.769
-13467.768
-13467.767
-13467.763
-13467.761
-13467.755
-13467.752
-13467.751
-13467.748
-13467.738
-13467.735
-13467.730
-13467.727
-13467.722
-13467.714
-13467.709
-13467.704
-13467.701
-13467.692
-13467.688
-13467.685
-13467.681
-13467.680
-13467.673
-13467.664
-13467.661
-13467.659
-13467.658
-13467.656
-13467.620
-13467.618
-13467.615
-13467.612
-13467.601
-13467.596
-13467.594
-13467.592
-13467.589
-13467.588
-13467.585
-13467.583
-13467.582
-13467.581
-13467.574
-13467.573
-13467.572
-13467.563
-13467.560
-13467.555
-13467.551
-13467.550
-13467.544
-13467.540
-13467.537
-13467.535
-13467.530
-13467.523
-13467.519
-13467.516
-13467.512
-13467.510
-13467.508
-13467.507
-13467.506
-13467.503
-13467.501
-13467.500
-13467.499
-13467.497
-13467.496
-13467.495
-13467.492
-13467.490
-13467.479
-13467.478
-13467.477
-13467.476
-13467.468
-13467.466
-13467.462
-13467.459
-13467.456
-13467.455
-13467.452
-13467.451
-13467.449
-13467.448
-13467.446
-13467.443
-13467.435
-13467.432
-13467.415
-13467.398
-13467.395
-13467.393
-13467.391
-13467.390
-13467.389
-13467.385
