0.0
0.030000000000654836
0.03200000000106229
0.04199999999946158
0.04399999999986903
0.06300000000010186
0.07200000000011642
0.09200000000055297
0.10499999999956344
0.13299999999981083
0.13999999999941792
0.15899999999965075
0.18499999999949068
0.19100000000071304
0.2029999999995198
0.25200000000040745
0.2680000000000291
0.2970000000004802
0.3250000000007276
0.3459999999995489
0.34900000000016007
0.35900000000037835
0.36599999999998545
0.38800000000082946
0.41600000000107684
0.4529999999995198
0.48799999999937427
0.49799999999959255
0.5050000000010186
0.5230000000010477
0.5370000000002619
0.5410000000010768
0.5419999999994616
0.5429999999996653
0.5450000000000728
0.5460000000002765
0.5500000000010914
0.5609999999996944
0.5709999999999127
0.581000000000131
0.5830000000005384
0.5869999999995343
0.5910000000003492
0.6010000000005675
0.6110000000007858
0.6120000000009895
0.6149999999997817
0.6159999999999854
0.6200000000008004
0.6329999999998108
0.6380000000008295
0.6480000000010477
0.6489999999994325
0.6520000000000437
0.6669999999994616
0.684000000001106
0.6869999999998981
0.6920000000009168
0.6990000000005239
0.7019999999993161
0.7029999999995198
0.7119999999995343
0.7260000000005675
0.7379999999993743
0.7460000000010041
0.7479999999995925
0.7520000000004075
0.7579999999998108
0.7649999999994179
0.7910000000010768
0.7950000000000728
0.8109999999996944
0.8279999999995198
0.8369999999995343
0.8389999999999418
0.8490000000001601
0.8510000000005675
0.8520000000007713
0.853000000000975
0.8539999999993597
0.8569999999999709
0.8580000000001746
0.8590000000003783
0.8659999999999854
0.8670000000001892
0.8809999999994034
0.8930000000000291
0.9020000000000437
0.9030000000002474
0.9060000000008586
0.9230000000006839
0.9359999999996944
0.9420000000009168
0.944999999999709
0.9699999999993452
0.9740000000001601
0.9809999999997672
0.9840000000003783
0.9850000000005821
0.9960000000010041
1.0
1.0030000000006112
1.0050000000010186
1.0169999999998254
1.0200000000004366
1.022000000000844
1.0230000000010477
1.0239999999994325
1.02599999999984
1.0270000000000437
1.0300000000006548
1.0339999999996508
1.037000000000262
1.043999999999869
1.0599999999994907
1.0630000000001019
1.066000000000713
1.076999999999316
1.0859999999993306
1.087999999999738
1.0940000000009604
1.0949999999993452
1.1080000000001746
1.110000000000582
1.1129999999993743
1.1190000000005966
1.1239999999997963
1.1270000000004075
1.1460000000006403
1.1499999999996362
1.1570000000010623
1.1589999999996508
1.173000000000684
1.1820000000006985
1.1880000000001019
1.1930000000011205
1.201999999999316
1.220999999999549
1.2219999999997526
1.2270000000007713
1.2289999999993597
1.2450000000008004
1.2479999999995925
1.25
1.2559999999994034
1.256999999999607
1.2600000000002183
1.272000000000844
1.2780000000002474
1.2849999999998545
1.2890000000006694
1.2910000000010768
1.2929999999996653
1.2960000000002765
1.298000000000684
1.3009999999994761
1.3150000000005093
1.316000000000713
1.3440000000009604
1.353000000000975
1.3620000000009895
1.3629999999993743
1.375
1.3780000000006112
1.3809999999994034
1.3850000000002183
1.386000000000422
1.3940000000002328
1.4020000000000437
1.4060000000008586
1.4130000000004657
1.418999999999869
1.4240000000008877
1.4269999999996799
1.4380000000001019
1.4420000000009168
1.4619999999995343
1.462999999999738
1.4690000000009604
1.4840000000003783
1.4909999999999854
1.4920000000001892
1.4989999999997963
1.5020000000004075
1.504000000000815
1.506999999999607
1.5130000000008295
1.5169999999998254
1.52599999999984
1.5300000000006548
1.5310000000008586
1.5320000000010623
1.5349999999998545
1.537000000000262
1.5380000000004657
1.5529999999998836
1.555000000000291
1.5560000000004948
1.5670000000009168
1.576999999999316
1.5779999999995198
1.5859999999993306
1.592000000000553
1.5979999999999563
1.59900000000016
1.6049999999995634
1.606999999999971
1.6080000000001746
1.610000000000582
1.6129999999993743
1.6170000000001892
1.621000000001004
1.6239999999997963
1.629000000000815
1.6309999999994034
1.6350000000002183
1.6390000000010332
1.6450000000004366
1.6460000000006403
1.6520000000000437
1.6630000000004657
1.6679999999996653
1.6720000000004802
1.673000000000684
1.6759999999994761
1.6779999999998836
1.6820000000006985
1.6890000000003056
1.691000000000713
1.7010000000009313
1.7039999999997235
1.7049999999999272
1.7070000000003347
1.7090000000007421
1.7150000000001455
1.717000000000553
1.7229999999999563
1.7289999999993597
1.735000000000582
1.7370000000009895
1.7379999999993743
1.7420000000001892
1.743000000000393
1.7510000000002037
1.7530000000006112
1.761000000000422
1.7620000000006257
1.768000000000029
1.7700000000004366
1.7710000000006403
1.7770000000000437
1.7839999999996508
1.7849999999998545
1.787000000000262
1.7919999999994616
1.7929999999996653
1.7970000000004802
1.8009999999994761
1.8019999999996799
1.8099999999994907
1.8109999999996944
1.8130000000001019
1.8260000000009313
1.8289999999997235
1.8330000000005384
1.8359999999993306
1.8400000000001455
1.84900000000016
1.8500000000003638
1.8539999999993597
1.8729999999995925
1.875
1.8780000000006112
1.8909999999996217
1.8919999999998254
1.8940000000002328
1.8960000000006403
1.8980000000010477
1.9060000000008586
1.9160000000010768
1.9220000000004802
1.923000000000684
1.9250000000010914
1.9310000000004948
1.9320000000006985
1.9330000000009022
1.9359999999996944
1.9459999999999127
1.9549999999999272
1.956000000000131
1.9580000000005384
1.9590000000007421
1.9619999999995343
1.9750000000003638
1.9770000000007713
1.9840000000003783
1.9899999999997817
1.9909999999999854
1.9920000000001892
1.9989999999997963
2.0
2.0010000000002037
2.006999999999607
2.014999999999418
2.022000000000844
2.0230000000010477
2.0239999999994325
2.024999999999636
2.02599999999984
2.0390000000006694
2.0560000000004948
2.066000000000713
2.074000000000524
2.076999999999316
2.0789999999997235
2.0799999999999272
2.085000000000946
2.092000000000553
2.0930000000007567
2.095999999999549
2.1020000000007713
2.1159999999999854
2.121000000001004
2.121999999999389
2.1239999999997963
2.1340000000000146
2.136000000000422
2.1380000000008295
2.139000000001033
2.143000000000029
2.149999999999636
2.1640000000006694
2.17699999999968
2.1820000000006985
2.184000000001106
2.1859999999996944
2.1930000000011205
2.1939999999995052
2.19800000000032
2.2070000000003347
2.2150000000001455
2.2180000000007567
2.2229999999999563
2.2340000000003783
2.2440000000005966
2.2450000000008004
2.246999999999389
2.2489999999997963
2.25
2.2510000000002037
2.2550000000010186
2.2630000000008295
2.264999999999418
2.2669999999998254
2.268000000000029
2.2700000000004366
2.280000000000655
2.2810000000008586
2.286000000000058
2.2880000000004657
2.2929999999996653
2.293999999999869
2.2990000000008877
2.300999999999476
2.305000000000291
2.313000000000102
2.316000000000713
2.3189999999995052
2.32300000000032
2.3250000000007276
2.32799999999952
2.3289999999997235
2.3320000000003347
2.335000000000946
2.342000000000553
2.3430000000007567
2.3440000000009604
2.345999999999549
2.3479999999999563
2.34900000000016
2.350000000000364
2.3510000000005675
2.3590000000003783
2.3659999999999854
2.368000000000393
2.3690000000005966
2.3770000000004075
2.379000000000815
2.394000000000233
2.397000000000844
2.3989999999994325
2.4030000000002474
2.405000000000655
2.407999999999447
2.4089999999996508
2.4200000000000728
2.4240000000008877
2.425999999999476
2.4279999999998836
2.4310000000004948
2.4320000000006985
2.436999999999898
2.4390000000003056
2.4420000000009168
2.444999999999709
2.4459999999999127
2.44800000000032
2.451999999999316
2.456000000000131
2.4619999999995343
2.467000000000553
2.4690000000009604
2.4719999999997526
2.4729999999999563
2.478000000000975
2.481999999999971
2.4879999999993743
2.488999999999578
2.492000000000189
2.4940000000005966
2.4950000000008004
2.496999999999389
2.5010000000002037
2.5059999999994034
2.5090000000000146
2.511000000000422
2.514999999999418
2.5159999999996217
2.5210000000006403
2.5239999999994325
2.524999999999636
2.5280000000002474
2.5320000000010623
2.5349999999998545
2.5380000000004657
2.5450000000000728
2.5460000000002765
2.54700000000048
2.55199999999968
2.5529999999998836
2.5570000000006985
2.5609999999996944
2.5650000000005093
2.566000000000713
2.5670000000009168
2.5680000000011205
2.576999999999316
2.5859999999993306
2.588999999999942
2.5930000000007567
2.5940000000009604
2.5969999999997526
2.5979999999999563
2.600000000000364
2.6010000000005675
2.6020000000007713
2.605999999999767
2.6120000000009895
2.6129999999993743
2.613999999999578
2.6149999999997817
2.621000000001004
2.625
2.636000000000422
2.639000000001033
2.639999999999418
2.644000000000233
2.65099999999984
2.6530000000002474
2.654000000000451
2.6599999999998545
2.661000000000058
2.665000000000873
2.6700000000000728
2.6820000000006985
2.684000000001106
2.6900000000005093
2.694999999999709
2.7010000000009313
2.70299999999952
2.7049999999999272
2.706000000000131
2.709000000000742
2.719999999999345
2.7229999999999563
2.728000000000975
2.7330000000001746
2.735000000000582
2.736000000000786
2.7370000000009895
2.742000000000189
2.746999999999389
2.7479999999995925
2.757999999999811
2.7659999999996217
2.7739999999994325
2.779000000000451
2.7820000000010623
2.782999999999447
2.786000000000058
2.7880000000004657
2.7950000000000728
2.8000000000010914
2.800999999999476
2.809000000001106
2.813000000000102
2.819999999999709
2.826999999999316
2.835000000000946
2.8430000000007567
2.844999999999345
2.845999999999549
2.850000000000364
2.8520000000007713
2.8539999999993597
2.855999999999767
2.8590000000003783
2.867000000000189
2.8700000000008004
2.875
2.8809999999994034
2.881999999999607
2.882999999999811
2.8880000000008295
2.8909999999996217
2.8919999999998254
2.894000000000233
2.8950000000004366
2.897000000000844
2.8980000000010477
2.899999999999636
2.907999999999447
2.9130000000004657
2.915000000000873
2.916000000001077
2.9210000000002765
2.9240000000008877
2.9310000000004948
2.934000000001106
2.936999999999898
2.9390000000003056
2.9400000000005093
2.9420000000009168
2.949000000000524
2.9500000000007276
2.956000000000131
2.959000000000742
2.9619999999995343
2.962999999999738
2.9650000000001455
2.9680000000007567
2.970999999999549
2.975000000000364
2.9760000000005675
2.9799999999995634
2.985000000000582
2.986000000000786
2.9870000000009895
2.992000000000189
2.9950000000008004
3.0050000000010186
3.0130000000008295
3.014999999999418
3.0159999999996217
3.0169999999998254
3.019000000000233
3.0200000000004366
3.0239999999994325
3.0310000000008586
3.040000000000873
3.0450000000000728
3.0460000000002765
3.0529999999998836
3.061999999999898
3.063000000000102
3.0789999999997235
3.0820000000003347
3.085000000000946
3.110000000000582
3.1159999999999854
3.121999999999389
3.1260000000002037
3.129000000000815
3.1300000000010186
3.1340000000000146
3.1350000000002183
3.1460000000006403
3.1520000000000437
3.155000000000655
3.1560000000008586
3.1589999999996508
3.161000000000058
3.162000000000262
3.1630000000004657
3.165000000000873
3.1679999999996653
3.1700000000000728
3.1779999999998836
3.1849999999994907
3.1890000000003056
3.201999999999316
3.20299999999952
3.206000000000131
3.2070000000003347
3.210000000000946
3.213999999999942
3.2260000000005675
3.2270000000007713
3.230999999999767
3.2330000000001746
3.2340000000003783
3.2370000000009895
3.2379999999993743
3.2440000000005966
3.25
3.2510000000002037
3.253000000000611
3.264999999999418
3.2730000000010477
3.274999999999636
3.27599999999984
3.279000000000451
3.280000000000655
3.2839999999996508
3.2849999999998545
3.286000000000058
3.2929999999996653
3.3000000000010914
3.300999999999476
3.30199999999968
3.3040000000000873
3.305000000000291
3.3060000000004948
3.309000000001106
3.3099999999994907
3.3109999999996944
3.3140000000003056
3.3150000000005093
3.316000000000713
3.3189999999995052
3.3220000000001164
3.335000000000946
3.337999999999738
3.3440000000009604
3.344999999999345
3.345999999999549
3.3520000000007713
3.3590000000003783
3.3659999999999854
3.371999999999389
3.3729999999995925
3.3739999999997963
3.379000000000815
3.3800000000010186
3.389000000001033
3.3919999999998254
3.3950000000004366
3.397000000000844
3.3989999999994325
3.405000000000655
3.4099999999998545
3.4200000000000728
3.4290000000000873
3.430000000000291
3.4430000000011205
3.4470000000001164
3.449000000000524
3.45299999999952
3.4619999999995343
3.4650000000001455
3.4660000000003492
3.4789999999993597
3.480999999999767
3.4840000000003783
3.4879999999993743
3.4950000000008004
3.496000000001004
3.496999999999389
3.511000000000422
3.5159999999996217
3.52599999999984
3.5320000000010623
3.5349999999998545
3.541000000001077
3.550999999999476
3.555000000000291
3.5570000000006985
3.5670000000009168
3.5680000000011205
3.576999999999316
3.581000000000131
3.584000000000742
3.5910000000003492
3.5969999999997526
3.5979999999999563
3.600000000000364
3.6010000000005675
3.6020000000007713
3.603000000000975
3.606999999999971
3.6080000000001746
3.6120000000009895
3.613999999999578
3.6159999999999854
3.617000000000189
3.618000000000393
3.621999999999389
3.6239999999997963
3.6300000000010186
3.632999999999811
3.6340000000000146
3.6370000000006257
3.647000000000844
3.649999999999636
3.655000000000655
3.657999999999447
3.6630000000004657
3.6710000000002765
3.675999999999476
3.6810000000004948
3.684000000001106
3.6930000000011205
3.6970000000001164
3.7000000000007276
3.7039999999997235
3.7049999999999272
3.7119999999995343
3.720999999999549
3.72400000000016
3.7260000000005675
3.7270000000007713
3.7289999999993597
3.764999999999418
3.7669999999998254
3.7700000000004366
3.7730000000010477
3.7839999999996508
3.7890000000006694
3.791000000001077
3.7929999999996653
3.7960000000002765
3.79700000000048
3.8000000000010914
3.80199999999968
3.8029999999998836
3.8040000000000873
3.8109999999996944
3.811999999999898
3.813000000000102
3.8220000000001164
3.8250000000007276
3.8299999999999272
3.834000000000742
3.835000000000946
3.8410000000003492
3.844999999999345
3.8479999999999563
3.850000000000364
3.8549999999995634
3.8620000000009895
3.8659999999999854
3.8690000000005966
3.8729999999995925
3.875
3.8770000000004075
3.878000000000611
3.879000000000815
3.881999999999607
3.8840000000000146
3.8850000000002183
3.886000000000422
3.8880000000008295
3.889000000001033
3.889999999999418
3.893000000000029
3.8950000000004366
3.9060000000008586
3.9070000000010623
3.907999999999447
3.9089999999996508
3.9169999999994616
3.918999999999869
3.923000000000684
3.925999999999476
3.9290000000000873
3.930000000000291
3.933000000000902
3.934000000001106
3.9359999999996944
3.936999999999898
3.9390000000003056
3.9420000000009168
3.9500000000007276
3.95299999999952
3.969999999999345
3.9870000000009895
3.9899999999997817
3.992000000000189
3.9940000000005966
3.9950000000008004
3.996000000001004
4.0
