3.1488161795400633
3.430673588216716
3.1520290529843042
3.3394367236169145
3.1340124859732357
3.1467242463205087
3.15164460642344
3.3412320575179852
3.1514383379935875
3.2420089961549055
3.174386582675158
3.213639746696836
3.4337883195414385
3.1770258091879264
3.3360442206027514
3.1342870669916385
3.273158839627422
3.164289124163203
3.2157038443067627
3.3571347470137587
3.368235609743933
3.183604130491119
3.409440697950203
3.11735285517902
3.2142435237473044
3.335200326037971
3.1425192318774835
3.207488792682145
3.1937204911765775
3.21277648665157
3.2096961882592945
3.6144979202963716
3.3595317782690413
3.6290427494517585
3.230954438556029
3.212324300121942
3.2916940980736973
3.2666129390740175
3.2059094634207495
3.3371051927326656
3.136835050564743
3.171339341772205
3.196302457722595
3.1965802035348103
3.4066668686527684
3.515584339473968
3.1625567871058755
3.079767974606928
3.2794074188642846
3.5353403709596556
3.159728380801178
3.1806624594742634
3.4290961202421917
3.594889888490592
3.178025580793977
3.5072308032557733
3.0719008234022147
3.4638859590219684
3.1671559243479788
3.075899263309626
3.0601478647508404
3.0769633010557773
3.627908986064775
3.1890674912226644
3.455696790950085
3.728671405779435
3.0344575563942695
3.1883096109178792
3.087220541832654
3.1974804407305175
3.1874303301083784
3.19534099436886
3.0486380771333312
3.266859440012099
3.563925234210475
3.333500035422464
3.215106147133512
3.166232006425216
3.1342749749520533
3.2328299420666187
3.053303387163118
3.5566707357025473
3.1275489057400017
3.4131958754021436
3.149875403458117
3.077568837226259
3.4306425698772602
3.0425330525357333
3.605710543659448
3.0172320041850105
3.5522530147369524
3.4092992987118254
3.643582116573265
3.214838363193034
3.380173898711079
3.0727966971518583
3.2022962219886377
3.1612247759060033
3.1245245283697205
3.5529652773950904
3.1862855974326
3.0148127075539626
3.005299478387655
3.0804578215522933
3.2124329394527043
3.125639332007682
3.3948200986616226
3.171948441838521
2.9831795888644907
3.1083895872008074
3.1562456214040115
3.408088997022659
3.5136816414020458
3.1318088722887905
3.118521394602089
3.558524812296436
3.1391264269922456
3.5329561375380742
3.107614939732121
3.16827558847927
3.4503689142508036
3.2331486903645414
3.622435038971774
3.237630420254654
3.3528851427887614
3.126533596018894
3.3738497921657524
3.1914020941255057
3.7390032091718077
3.191091804504373
3.443507564229854
2.9898936682867574
3.5687984796103
3.129003242124472
3.2224143505425564
3.1946035579016225
3.7491675619134983
3.1370627232313844
3.163149652523649
3.154833857807514
3.5158018094583885
3.124894209279552
3.095644660877222
3.209140921149782
3.206388211519292
3.205606397470509
3.1104320816018634
3.632865385891809
3.1407991370855806
3.2111355236272
3.068948579422074
3.5235611794191715
3.2663518488454977
3.3899080466183804
3.1738304229725105
3.3610855561340114
3.0637157674141315
3.279654027741519
3.363164970167311
3.3692440604456175
3.1225393448707854
3.1134900306535602
3.12674638852615
3.236819332900348
3.1019244668974575
3.1190242042459517
3.3927811924322535
3.3271430815046754
3.441398916301799
3.1090935018030956
3.078360474365986
3.441599888858918
3.5804841222338553
3.131766012908425
3.2207978346035353
3.035134106391188
3.162890945133041
3.7280488803293492
3.184773311253219
3.1451201269279423
3.34722738157808
3.3296409297807044
3.160205113754628
3.3185891157552057
3.614688555249015
3.2881020511027303
3.0705774382147073
3.4899118845516997
3.3510481813702206
3.2058971497682194
3.359117933466926
3.5449451844871094
3.188139653426471
3.0933772744916084
3.539782481850675
3.149108596006406
3.278016409486316
3.445921176137647
3.1955780300691576
3.628423749911375
3.9096746777164264
3.2063148700955626
3.1692518647658585
3.326634773517912
3.200542857013369
3.1126577335298076
3.579262467188835
3.4640625152582865
3.067579543738317
3.1469529921944437
3.4761681902863346
3.1773637929548566
3.2741933343485186
3.6212982244511376
3.080199548192643
3.366262074664034
3.5303517646320994
3.16508940702129
4.134179539106405
3.0636276525512223
3.209237245459918
2.9871829865268027
3.5585010781294817
2.8441051288785664
3.6340377977562293
3.505432077010601
3.149440005042298
3.0890352260570713
3.409375932760384
3.038688595828427
3.5168608187296164
3.5966102371519137
3.6800967666187927
3.6014905376427815
3.2221256256351887
4.615074067539473
3.531433621718327
3.5642085074972996
3.697707785659541
3.621257921734381
3.0600432385835035
3.1291131395770773
3.1614100747800413
3.811046620834722
3.074096744995286
3.363921315890481
3.1062541535811032
3.1444307434836616
3.1231217036562957
3.1847989252310427
3.4216246689009844
3.674767013744116
3.1911594750623715
3.6607958623810397
3.1867626557229998
3.5289251264719357
3.524099226766282
3.166459180248212
3.121940101857537
3.173065329273529
3.086739638962346
3.25865866758976
3.141469047948758
3.071205517015246
3.1418534919227725
2.922462911324192
3.459057037894428
3.0544112394792977
3.2435343366882994
3.5417555264473246
3.3101809831977267
3.773984435219326
3.062288294128012
2.8596377745452
3.1637657407791937
3.5104827035457364
3.5458713350982305
3.1603181326089564
3.1593512506328763
2.9842241230481794
3.3307750380186314
3.012996781443334
3.133055785803003
3.509446057055907
3.1575035561267963
3.137163667922976
3.2496310958231103
3.1253174700829964
4.1552256488752
3.309668921212867
3.578169944265802
3.1503674308802756
3.196421343420736
3.630288719812676
3.1420536687028275
3.63897276303642
3.082748432683389
3.227339709584086
3.2207324551863286
3.1551347766191804
3.1512846902917597
3.1324056570037864
3.156219140771806
3.653300702952266
3.1162013043459598
3.4356006001137187
3.4612371403443665
3.4235456994754028
3.4412021090350473
3.616498100531537
2.944869041422601
3.2842151396311943
3.1310542524821514
3.1099109897631765
3.555189987079894
3.5100023360485766
3.083983248976487
2.935678940207272
3.366720129206268
3.598341265799545
3.074289529050454
3.1467864951001356
3.200511244753885
3.320424328387483
3.089013758926563
3.1661084180378767
3.0759676313372823
3.2685180863439913
3.3439327944922375
3.554657320390917
3.702774864741536
3.160373876300162
3.1214762285417255
3.125375571882623
3.1830199568748236
3.118938455218626
3.0734170103454406
3.2269617401568422
2.9656453116522807
3.1378056002571424
3.0061405077178085
3.1267935470447044
3.3919403928724514
3.12983479851219
3.055678462446229
3.8192125239748957
3.024143699473542
3.0840525613686736
2.8861100567810496
3.1977934295937964
3.508134383841187
3.2393656229408103
3.4002648697208366
3.7515298160794845
3.41987167457764
3.1903951756842477
3.140525737060319
3.5963508659323606
3.118293758042352
3.1203066275057787
3.2471592584637166
3.075328032965994
3.9922770316588236
3.1615681800164737
3.2173968445683485
3.207698702623413
3.1442625151985863
3.1615246534931534
3.022848784356621
3.1511595497338423
3.142855916516353
3.526138820187241
3.7695185731997123
3.5911923361399887
2.949460284089845
2.9904984568176753
3.489779568544735
3.0802838871971163
3.1352207839407704
3.0307811378048393
3.2398878769642496
2.927086905808581
3.030254212627672
3.1727473809021696
3.1322383405235557
2.9430581043991277
3.1204987641065176
3.424989510676789
3.45998221209886
3.1780252075890125
3.03174313773967
3.2402627123242715
3.233562256014821
3.517538620069435
3.1570791463338264
3.2244176931002393
3.483544161211191
2.985903913629037
4.385844990538198
3.5948355019210285
3.5593166682744046
3.5729028054000764
3.306235466428984
3.509480618306033
3.111799071915217
3.175070742572449
3.262523656404265
3.9513974852896996
3.239040986074686
3.2781148302329504
2.8795470429594845
3.82236966892172
3.2206006219492207
3.6372269922523266
2.822889847886037
3.0478041868593335
3.0459921870363487
3.4986262134336483
3.0764433485506077
3.0921839524370776
3.575545925232769
3.260778944819239
3.0426645262444034
3.0867463858057604
3.501818367646758
3.69957489206331
3.522025093010805
3.107931923856082
3.0916337447949354
3.579451672654273
2.973080568932867
3.0245608475621606
2.9270459717133006
2.949316531905716
3.3674301298708125
3.5990310491955917
3.2107332210917794
3.116378436248962
3.046377258877259
2.8022590504875677
3.251700371578351
3.8913969067085623
3.043294840492465
3.053041459902277
3.493461877537828
3.729757191092166
3.083182402636747
3.1681768144492475
3.211278381144201
3.125509464619891
3.6626762448938774
3.097355958236435
3.1873500779898625
3.1753237094424698
3.1106939828776112
3.307688740052579
3.106610920649628
3.0315320905181897
3.3288656004914197
3.1843115160713373
3.102692700966945
3.329379025775015
2.8283430553178595
3.846644007331004
3.1125743806855755
3.1395629647685195
3.53059565621421
3.163682625439412
2.9604264333772075
3.0694074175527755
3.2646562355894537
3.0379439611731334
3.2297253088392064
3.251394603013917
3.2115484807047934
3.175793015503054
3.087454374346923
2.996357005758078
3.023229816343476
3.556589598751804
3.195600624713729
3.1563876304188954
3.140107772836007
3.064819063171411
3.1177562727212633
3.4188247225473507
3.1281647856240946
2.9992714436173604
3.6585150762357497
3.1557201423632466
3.151553961147723
3.4617432817029643
3.0708414755290128
2.926254205287802
3.5210069938248507
3.0292854924468178
3.3092698066851267
3.4655633140655104
3.5426625183636933
2.8776371304284187
3.185565647448313
3.0236167883681375
3.1543194083041293
3.544938081861514
3.067129732421519
3.6173420127681926
3.873639367958998
3.4841860757064294
3.2866994181948863
3.197938868800009
3.7498429192009763
3.116109373210467
3.3724870224593895
3.08560666967583
3.257834047222953
4.363439922407444
3.382220269874203
3.620304484215516
3.196181639288677
3.499527983735887
3.1126407455793843
3.2065457658333205
2.8880213810069053
3.8086906480859835
3.6265154559074895
4.02238082117344
3.9318519742930285
2.8716348947690364
3.1874046558111613
3.0921485396866797
2.843339059896848
3.7008230058325253
3.1518176692045254
3.1130480979983615
3.5199684248665175
3.132194889425657
2.9630929758866227
3.0838842000248348
3.0460267836687476
3.0770920712683787
3.34228826077256
3.079200033455371
3.1410118961241396
3.496219172381751
3.0764422944884564
2.8525469326747865
4.8362414449265305
3.2376673955829776
2.9716473323970227
2.9270743812917606
3.138670160434436
3.0725747403075028
3.6489853015243057
3.1736641572391973
2.835243833772761
3.080383062816003
3.4761761861302594
3.245989744767255
3.17709523919028
3.044010298405987
3.0543853885818417
3.1445744644216824
3.1685114359937603
3.140109949070662
3.036572714078592
3.194639077889965
4.7584636895876855
3.633451989439085
3.1232927249532887
2.9636147892623983
3.266135506782239
3.6478115237513076
3.1346628659099696
3.3263641446458827
2.927294092188211
3.1454739452812945
3.3350863735615586
3.4106453385460265
3.309924040853571
3.4270127252742326
3.0941778618706937
3.1059391028785015
3.3286973131172783
3.4000805698619754
3.1877837731033822
3.13907288392998
3.7079143645645
3.482021692238483
3.187650011090903
3.502479346012476
3.56178087784077
3.1188785512211528
2.9608443066800745
3.1776347117142305
2.9850508965979485
3.4491695402707445
2.9737872445582676
3.1804134581393044
3.032687545299683
3.70257358159738
2.795851106042566
3.0263413663236207
2.917419826236689
3.085865518011327
4.734347436021059
3.208377597962358
3.7323270314149943
2.9555747932659853
3.62578992738668
3.472656062513795
3.178274477218841
3.3434117698898427
3.153218373125308
3.3936283247688963
2.8423644408555804
3.151176796335004
3.541613424219735
3.0573748919720094
3.3617602196007184
3.427161663529989
3.2558473347355528
3.575225000050436
3.135719377411409
3.6748284063803416
3.4734078492392437
3.0081576608960408
3.0063600091509057
3.019819703929684
3.004268056901004
3.19557404354208
3.1102594198347724
3.5879858245082703
3.178058713894264
3.295651872390149
2.8671922824737752
3.02258494374535
3.140785061874013
3.8018640451517327
3.675342025990009
3.2747212329863995
2.953326885673228
3.1507697362280402
3.59920918177466
3.219018479721323
3.5456556663055756
3.5941396241675827
3.253730358512282
2.7344364922191304
3.1939843589912575
3.075264446513932
2.9336072228417986
3.0974134427482647
3.2093433723329654
3.579453094980781
3.3224791905152213
3.839236044064404
3.2083541200191976
3.7734517879282357
3.099654009051827
3.1426191940794457
3.373068339708601
3.9624517251356406
3.109205162556975
3.0248909864072275
2.967113688553393
3.268681330015533
3.365750481483999
3.04511240278523
3.2174302042549274
3.351914670351479
3.009696886853647
3.271450917230236
3.329190807480326
3.5525290279778994
3.1608860124064933
3.137241020076054
3.1436379777533046
3.0055491406649746
3.2237583237282847
3.2732425811048045
2.9178647405051126
3.6877924856693087
3.763504638389749
3.069658277898505
3.497712138202554
3.2043920664883903
3.0702748833471016
3.1456057311098187
3.1707990537319866
3.142056854067667
3.6704686621002964
3.174922865292747
2.918438350035248
3.2596658598345227
2.775203434977045
3.0483133311488655
3.704233387339858
2.9939046179032673
3.436418922776412
2.972638696318206
3.5600971626571067
3.1515524256918113
2.888283632157682
2.8594878088804685
3.6912257836716336
3.448517534616263
2.986419820932757
2.7728372857219687
2.9425164823763064
4.709902770253346
3.1186932528415694
2.962683352264357
3.57196573936997
3.467216650509698
3.255813961407807
2.75916160500744
3.0322249406296313
3.1309243658366057
3.418001010903926
2.955034480450303
3.064253531680348
3.2881855305096184
3.051096512745195
3.33221677291903
2.931124046324569
3.5140830208189984
3.436479181623027
3.0970108266990595
3.1084805917624214
3.5807166429359834
3.6830179807318335
3.326629914686572
3.2373240128653173
3.672489561463389
3.052375887419193
3.1380655549669094
3.0759831084604796
3.0305121138981495
3.1338570275532036
3.1179417009211936
3.440608167122011
3.596035341258886
3.0906972984964316
3.0373231260082143
3.51373454499257
2.9058914704182897
3.7563012139362644
3.427400058115589
3.2076314832866886
3.557617069671436
4.251566603049924
3.4703203439978654
3.656208596591208
3.0722196129877237
3.100412198169628
3.7557317593244983
3.7685068850319388
3.11672722659236
4.336040418169139
2.876102786249581
3.790109371095954
3.06924821294432
3.141714612246614
3.4029069520863446
3.6621430584386134
3.0607386727394705
3.194879149814265
3.066220958585495
2.8855469209537588
3.718896210260162
2.989225000807132
3.6908524973336734
3.051666269114482
3.143018561803565
3.184319160354722
3.1738414384576923
3.6391748737866667
3.238890267656607
3.1485158463646483
3.9663344282884667
3.653974566693548
2.794753183439232
3.4775400189205854
3.122691566703348
3.117369812269964
3.4276822745818727
4.092529954035964
2.8700784732952465
2.944177938664255
3.5191488980113346
4.144149750367258
2.9598018270590742
2.842678761743787
3.381448460245585
3.00268689589978
3.521334151880754
3.0925828239423567
3.1477058633519728
3.6538423457184304
3.5555033012717865
3.2189602247982103
3.076640967442355
3.0382063102500863
2.879257015910297
2.809814163041641
2.8802970196423705
3.299308618980098
3.4018753871882974
3.147255512887218
2.8096775271157726
3.7829370937585596
3.146086147883232
3.4787171412113747
3.5744178853699005
3.068668854198836
2.905512082252339
3.6543496256571646
3.233482830788848
2.8305368141744207
3.243939117995703
3.509826828080143
3.1423264375952322
2.9797974331114836
3.086867259597837
3.1545704280282245
3.125923134068261
2.8246918311148286
3.7517364947825538
3.14467332723694
4.442205594222434
3.0582205382860903
3.0547358037708396
3.1611777982576177
3.5400262855783566
3.219227307189895
3.2249836847062645
3.264799753002232
3.0658058350381956
3.4734812641183357
3.5982225797716834
2.9938074286769516
3.012042002843687
2.8918396339188175
3.209169502693774
2.816036681058664
2.915854852190115
3.3020472408320694
3.5503428853594623
3.077620584464972
3.070780246371738
3.205638033610843
3.1297663690666915
3.533620759006337
3.1310382617403776
3.7881310839578437
3.254525852106069
