0.0
0.023999999999432475
0.06099999999969441
0.09699999999975262
0.10899999999946886
0.10999999999967258
0.11300000000028376
0.11499999999978172
0.12199999999938882
0.12399999999979627
0.13299999999981083
0.15200000000004366
0.15599999999994907
0.15999999999985448
0.1639999999997599
0.16699999999946158
0.1679999999996653
0.17699999999967986
0.17799999999988358
0.18299999999999272
0.18800000000010186
0.19200000000000728
0.19399999999950523
0.20200000000022555
0.22199999999975262
0.2319999999999709
0.238999999999578
0.2820000000001528
0.2929999999996653
0.3029999999998836
0.31300000000010186
0.33799999999973807
0.3469999999997526
0.3779999999997017
0.39099999999962165
0.3919999999998254
0.4149999999999636
0.4290000000000873
0.44399999999950523
0.4459999999999127
0.44799999999941065
0.4499999999998181
0.4579999999996289
0.4679999999998472
0.4719999999997526
0.47299999999995634
0.47999999999956344
0.48700000000008004
0.48800000000028376
0.49099999999998545
0.49499999999989086
0.4989999999997963
0.5010000000002037
0.5090000000000146
0.5230000000001382
0.5289999999995416
0.5320000000001528
0.532999999999447
0.543999999999869
0.5519999999996799
0.5599999999994907
0.5630000000001019
0.5639999999993961
0.568000000000211
0.5689999999995052
0.5720000000001164
0.5729999999994106
0.5760000000000218
0.5789999999997235
0.5819999999994252
0.5919999999996435
0.5969999999997526
0.6040000000002692
0.6130000000002838
0.613999999999578
0.6390000000001237
0.6469999999999345
0.6520000000000437
0.657999999999447
0.6589999999996508
0.6620000000002619
0.6629999999995562
0.6710000000002765
0.6759999999994761
0.6779999999998836
0.6829999999999927
0.6840000000001965
0.6869999999998981
0.6889999999993961
0.6899999999995998
0.6909999999998035
0.6959999999999127
0.6970000000001164
0.6999999999998181
0.7049999999999272
0.706000000000131
0.7069999999994252
0.7089999999998327
0.7129999999997381
0.7200000000002547
0.7229999999999563
0.7240000000001601
0.7249999999994543
0.7280000000000655
0.7309999999997672
0.7319999999999709
0.7339999999994689
0.7359999999998763
0.7409999999999854
0.7429999999994834
0.7439999999996871
0.7489999999997963
0.75
0.7510000000002037
0.7569999999996071
0.7579999999998108
0.7590000000000146
0.7600000000002183
0.7619999999997162
0.7669999999998254
0.7690000000002328
0.7699999999995271
0.7730000000001382
0.7739999999994325
0.7749999999996362
0.7759999999998399
0.7770000000000437
0.7780000000002474
0.7789999999995416
0.7809999999999491
0.782999999999447
0.7849999999998545
0.7860000000000582
0.7870000000002619
0.7879999999995562
0.7889999999997599
0.7919999999994616
0.7950000000000728
0.7979999999997744
0.7989999999999782
0.8000000000001819
0.8040000000000873
0.8109999999996944
0.8130000000001019
0.8149999999995998
0.8170000000000073
0.8189999999995052
0.8209999999999127
0.8239999999996144
0.8249999999998181
0.8270000000002256
0.831000000000131
0.8329999999996289
0.8350000000000364
0.8379999999997381
0.8409999999994398
0.8419999999996435
0.8459999999995489
0.8499999999994543
0.850999999999658
0.8559999999997672
0.8580000000001746
0.8589999999994689
0.863999999999578
0.8670000000001892
0.8679999999994834
0.8710000000000946
0.8809999999994034
0.8819999999996071
0.8850000000002183
0.8859999999995125
0.8869999999997162
0.8890000000001237
0.8909999999996217
0.8930000000000291
0.8940000000002328
0.8949999999995271
0.8969999999999345
0.8989999999994325
0.8999999999996362
0.9009999999998399
0.9020000000000437
0.9030000000002474
0.9049999999997453
0.9059999999999491
0.9070000000001528
0.9089999999996508
0.9120000000002619
0.9129999999995562
0.9149999999999636
0.9160000000001673
0.9169999999994616
0.9179999999996653
0.9200000000000728
0.9210000000002765
0.9219999999995707
0.9229999999997744
0.9239999999999782
0.9250000000001819
0.9259999999994761
0.9279999999998836
0.9309999999995853
0.9349999999994907
0.9359999999996944
0.9380000000001019
0.9389999999993961
0.9399999999995998
0.943000000000211
0.9439999999995052
0.944999999999709
0.9479999999994106
0.9489999999996144
0.9520000000002256
0.9610000000002401
0.9619999999995343
0.9650000000001455
0.9659999999994398
0.9690000000000509
0.9700000000002547
0.9709999999995489
0.9729999999999563
0.9740000000001601
0.975999999999658
0.9780000000000655
0.9790000000002692
0.9799999999995634
0.9809999999997672
0.9830000000001746
0.9839999999994689
0.9849999999996726
0.9880000000002838
0.988999999999578
0.9899999999997817
0.9920000000001892
0.9929999999994834
0.9939999999996871
0.9949999999998909
0.9960000000000946
0.9979999999995925
1.0050000000001091
1.0059999999994034
1.006999999999607
1.0079999999998108
1.0090000000000146
1.0140000000001237
1.014999999999418
1.0159999999996217
1.0169999999998254
1.018000000000029
1.0190000000002328
1.019999999999527
1.0219999999999345
1.0239999999994325
1.0249999999996362
1.02599999999984
1.0280000000002474
1.0289999999995416
1.0299999999997453
1.0320000000001528
1.032999999999447
1.0339999999996508
1.0349999999998545
1.0360000000000582
1.0379999999995562
1.0399999999999636
1.0419999999994616
1.0429999999996653
1.0450000000000728
1.0460000000002765
1.0489999999999782
1.050000000000182
1.0509999999994761
1.0519999999996799
1.0540000000000873
1.0549999999993815
1.0590000000001965
1.063999999999396
1.0649999999995998
1.0659999999998035
1.0670000000000073
1.068000000000211
1.069999999999709
1.0709999999999127
1.0720000000001164
1.074999999999818
1.0789999999997235
1.0799999999999272
1.0819999999994252
1.082999999999629
1.0850000000000364
1.0869999999995343
1.0889999999999418
1.0900000000001455
1.0919999999996435
1.094000000000051
1.0950000000002547
1.0979999999999563
1.0999999999994543
1.100999999999658
1.1019999999998618
1.1030000000000655
1.1040000000002692
1.1080000000001746
1.1089999999994689
1.1099999999996726
1.1130000000002838
1.1159999999999854
1.1170000000001892
1.1179999999994834
1.1199999999998909
1.1210000000000946
1.1219999999993888
1.1260000000002037
1.126999999999498
1.1279999999997017
1.1289999999999054
1.1309999999994034
1.131999999999607
1.1350000000002183
1.1359999999995125
1.139999999999418
1.143000000000029
1.144999999999527
1.1459999999997308
1.1469999999999345
1.1480000000001382
1.1489999999994325
1.1499999999996362
1.1520000000000437
1.1530000000002474
1.1539999999995416
1.155999999999949
1.1570000000001528
1.157999999999447
1.1599999999998545
1.1610000000000582
1.162000000000262
1.16399999999976
1.1649999999999636
1.1660000000001673
1.1669999999994616
1.1700000000000728
1.1710000000002765
1.1719999999995707
1.1739999999999782
1.1759999999994761
1.1790000000000873
1.1799999999993815
1.1809999999995853
1.181999999999789
1.1829999999999927
1.1849999999994907
1.1869999999998981
1.1880000000001019
1.1899999999995998
1.1920000000000073
1.193000000000211
1.1959999999999127
1.1970000000001164
1.1979999999994106
1.1989999999996144
1.2010000000000218
1.2020000000002256
1.2029999999995198
1.2039999999997235
1.2049999999999272
1.206000000000131
1.207999999999629
1.21100000000024
1.2119999999995343
1.212999999999738
1.220999999999549
1.2229999999999563
1.2249999999994543
1.225999999999658
1.2269999999998618
1.2299999999995634
1.2330000000001746
1.2339999999994689
1.2349999999996726
1.23700000000008
1.2380000000002838
1.238999999999578
1.2409999999999854
1.2420000000001892
1.2429999999994834
1.2439999999996871
1.2449999999998909
1.2460000000000946
1.2469999999993888
1.2479999999995925
1.2489999999997963
1.2510000000002037
1.2529999999997017
1.2539999999999054
1.2550000000001091
1.2579999999998108
1.2590000000000146
1.2600000000002183
1.2609999999995125
1.2619999999997162
1.26299999999992
1.2640000000001237
1.264999999999418
1.268000000000029
1.2690000000002328
1.269999999999527
1.2709999999997308
1.2719999999999345
1.2730000000001382
1.2739999999994325
1.2749999999996362
1.27599999999984
1.2770000000000437
1.2780000000002474
1.2799999999997453
1.280999999999949
1.2820000000001528
1.2839999999996508
1.287000000000262
1.2879999999995562
1.28899999999976
1.2910000000001673
1.2919999999994616
1.2960000000002765
1.2979999999997744
1.300000000000182
1.3009999999994761
1.3019999999996799
1.3029999999998836
1.3059999999995853
1.306999999999789
1.3079999999999927
1.3090000000001965
1.3099999999994907
1.3109999999996944
1.3119999999998981
1.3130000000001019
1.3149999999995998
1.3170000000000073
1.319999999999709
1.3209999999999127
1.3220000000001164
1.3239999999996144
1.324999999999818
1.3270000000002256
1.3289999999997235
1.3299999999999272
1.3350000000000364
1.33600000000024
1.3369999999995343
1.337999999999738
1.3389999999999418
1.3400000000001455
1.3429999999998472
1.3450000000002547
1.34900000000016
1.3499999999994543
1.3519999999998618
1.3530000000000655
1.3540000000002692
1.3559999999997672
1.356999999999971
1.3599999999996726
1.36200000000008
1.363999999999578
1.3649999999997817
1.3659999999999854
1.3670000000001892
1.3679999999994834
1.3699999999998909
1.3710000000000946
1.3729999999995925
1.3739999999997963
1.3760000000002037
1.376999999999498
1.3779999999997017
1.3800000000001091
1.3809999999994034
1.381999999999607
1.3840000000000146
1.3859999999995125
1.3869999999997162
1.389999999999418
1.3919999999998254
1.393000000000029
1.3940000000002328
1.394999999999527
1.3969999999999345
1.3989999999994325
1.3999999999996362
1.40099999999984
1.4020000000000437
1.4030000000002474
1.405999999999949
1.4070000000001528
1.407999999999447
1.4089999999996508
1.4099999999998545
1.4110000000000582
1.412000000000262
1.4129999999995562
1.4149999999999636
1.4160000000001673
1.4179999999996653
1.418999999999869
1.4200000000000728
1.4210000000002765
1.4219999999995707
1.4229999999997744
1.4239999999999782
1.4259999999994761
1.4269999999996799
1.4290000000000873
1.4299999999993815
1.4349999999994907
1.4359999999996944
1.4369999999998981
1.4380000000001019
1.438999999999396
1.4409999999998035
1.4420000000000073
1.443000000000211
1.4439999999995052
1.444999999999709
1.4459999999999127
1.449999999999818
1.4510000000000218
1.4520000000002256
1.4529999999995198
1.456000000000131
1.4569999999994252
1.4600000000000364
1.4619999999995343
1.4639999999999418
1.4659999999994398
1.4669999999996435
1.469000000000051
1.4700000000002547
1.470999999999549
1.4719999999997526
1.4729999999999563
1.47400000000016
1.4749999999994543
1.475999999999658
1.4780000000000655
1.4790000000002692
1.4799999999995634
1.481999999999971
1.4849999999996726
1.4859999999998763
1.48700000000008
1.488999999999578
1.4909999999999854
1.4920000000001892
1.4939999999996871
1.4949999999998909
1.4969999999993888
1.4989999999997963
1.5
1.501999999999498
1.5029999999997017
1.5050000000001091
1.506999999999607
1.5079999999998108
1.5090000000000146
1.5109999999995125
1.514999999999418
1.5159999999996217
1.5190000000002328
1.519999999999527
1.5209999999997308
1.5219999999999345
1.5230000000001382
1.5239999999994325
1.5249999999996362
1.5280000000002474
1.5289999999995416
1.5360000000000582
1.537000000000262
1.5379999999995562
1.53899999999976
1.5399999999999636
1.5429999999996653
1.543999999999869
1.5450000000000728
1.5460000000002765
1.5489999999999782
1.550000000000182
1.5540000000000873
1.5549999999993815
1.5559999999995853
1.556999999999789
1.5579999999999927
1.5590000000001965
1.5599999999994907
1.5630000000001019
1.563999999999396
1.5649999999995998
1.5670000000000073
1.568000000000211
1.5709999999999127
1.5729999999994106
1.5739999999996144
1.574999999999818
1.5760000000000218
1.5770000000002256
1.5779999999995198
1.5799999999999272
1.581000000000131
1.5819999999994252
1.5839999999998327
1.5850000000000364
1.587999999999738
1.5889999999999418
1.5919999999996435
1.594000000000051
1.5950000000002547
1.5969999999997526
1.59900000000016
1.5999999999994543
1.600999999999658
1.6040000000002692
1.6049999999995634
1.6099999999996726
1.6109999999998763
1.61200000000008
1.6130000000002838
1.613999999999578
1.6159999999999854
1.6179999999994834
1.6199999999998909
1.6210000000000946
1.6219999999993888
1.6229999999995925
1.625
1.626999999999498
1.6300000000001091
1.6309999999994034
1.631999999999607
1.6359999999995125
1.6369999999997162
1.6390000000001237
1.6409999999996217
1.644999999999527
1.6459999999997308
1.6469999999999345
1.6489999999994325
1.65099999999984
1.6530000000002474
1.6539999999995416
1.657999999999447
1.6599999999998545
1.66399999999976
1.6649999999999636
1.6660000000001673
1.668999999999869
1.6700000000000728
1.6729999999997744
1.675000000000182
1.6759999999994761
1.6769999999996799
1.6779999999998836
1.6790000000000873
1.6799999999993815
1.6809999999995853
1.681999999999789
1.6849999999994907
1.6859999999996944
1.688999999999396
1.6899999999995998
1.6909999999998035
1.693000000000211
1.694999999999709
1.6970000000001164
1.6979999999994106
1.6989999999996144
1.699999999999818
1.7010000000000218
1.7029999999995198
1.7049999999999272
1.7089999999998327
1.7100000000000364
1.71100000000024
1.7119999999995343
1.7139999999999418
1.7150000000001455
1.7169999999996435
1.719000000000051
1.7200000000002547
1.720999999999549
1.7219999999997526
1.7229999999999563
1.7280000000000655
1.7290000000002692
1.731999999999971
1.7330000000001746
1.7339999999994689
1.73700000000008
1.7380000000002838
1.738999999999578
1.7420000000001892
1.7439999999996871
1.7460000000000946
1.7489999999997963
1.75
1.7510000000002037
1.751999999999498
1.7550000000001091
1.7559999999994034
1.7590000000000146
1.7609999999995125
1.7619999999997162
1.7640000000001237
1.764999999999418
1.7659999999996217
1.7669999999998254
1.769999999999527
1.7719999999999345
1.7730000000001382
1.7739999999994325
1.7749999999996362
1.77599999999984
1.7770000000000437
1.7789999999995416
1.7799999999997453
1.7820000000001528
1.782999999999447
1.7849999999998545
1.7879999999995562
1.7899999999999636
1.7929999999996653
1.7960000000002765
1.7979999999997744
1.7989999999999782
1.800000000000182
1.8019999999996799
1.8029999999998836
1.8059999999995853
1.806999999999789
1.8079999999999927
1.8090000000001965
1.813999999999396
1.8149999999995998
1.8159999999998035
1.818000000000211
1.8189999999995052
1.819999999999709
1.8209999999999127
1.8220000000001164
1.8279999999995198
1.8289999999997235
1.831000000000131
1.8339999999998327
1.8350000000000364
1.83600000000024
1.8369999999995343
1.8389999999999418
1.8409999999994398
1.845999999999549
1.8469999999997526
1.8479999999999563
1.8519999999998618
1.8540000000002692
1.8549999999995634
1.8580000000001746
1.8589999999994689
1.8609999999998763
1.8630000000002838
1.8659999999999854
1.8670000000001892
1.8689999999996871
1.8699999999998909
1.8710000000000946
1.8739999999997963
1.875
1.8760000000002037
1.876999999999498
1.8779999999997017
1.8789999999999054
1.8800000000001091
1.8809999999994034
1.881999999999607
1.8829999999998108
1.8850000000002183
1.8869999999997162
1.8890000000001237
1.889999999999418
1.8909999999996217
1.8919999999998254
1.893000000000029
1.8940000000002328
1.894999999999527
1.8959999999997308
1.8969999999999345
1.8980000000001382
1.8999999999996362
1.90099999999984
1.9030000000002474
1.9039999999995416
1.9070000000001528
1.9099999999998545
1.9110000000000582
1.912000000000262
1.9129999999995562
1.91399999999976
1.9149999999999636
1.9160000000001673
1.9169999999994616
1.918999999999869
1.9229999999997744
1.9239999999999782
1.925000000000182
1.9259999999994761
1.9269999999996799
1.9299999999993815
1.9309999999995853
1.931999999999789
1.9349999999994907
1.9359999999996944
1.9380000000001019
1.938999999999396
1.9399999999995998
1.9409999999998035
1.943000000000211
1.9459999999999127
1.9470000000001164
1.9479999999994106
1.9529999999995198
1.9539999999997235
1.956000000000131
1.9569999999994252
1.957999999999629
1.9600000000000364
1.96100000000024
1.9619999999995343
1.9639999999999418
1.9650000000001455
1.9659999999994398
1.9669999999996435
1.9700000000002547
1.970999999999549
1.9719999999997526
1.9729999999999563
1.97400000000016
1.9749999999994543
1.975999999999658
1.9769999999998618
1.9780000000000655
1.981999999999971
1.9849999999996726
1.9899999999997817
1.9909999999999854
1.9960000000000946
1.9979999999995925
2.0
