-7140.209
-7140.185
-7140.148
-7140.112
-7140.100
-7140.099
-7140.096
-7140.094
-7140.087
-7140.085
-7140.076
-7140.057
-7140.053
-7140.049
-7140.045
-7140.042
-7140.041
-7140.032
-7140.031
-7140.026
-7140.021
-7140.017
-7140.015
-7140.007
-7139.987
-7139.977
-7139.970
-7139.927
-7139.916
-7139.906
-7139.896
-7139.871
-7139.862
-7139.831
-7139.818
-7139.817
-7139.794
-7139.780
-7139.765
-7139.763
-7139.761
-7139.759
-7139.751
-7139.741
-7139.737
-7139.736
-7139.729
-7139.722
-7139.721
-7139.718
-7139.714
-7139.710
-7139.708
-7139.700
-7139.686
-7139.680
-7139.677
-7139.676
-7139.665
-7139.657
-7139.649
-7139.646
-7139.645
-7139.641
-7139.640
-7139.637
-7139.636
-7139.633
-7139.630
-7139.627
-7139.617
-7139.612
-7139.605
-7139.596
-7139.595
-7139.570
-7139.562
-7139.557
-7139.551
-7139.550
-7139.547
-7139.546
-7139.538
-7139.533
-7139.531
-7139.526
-7139.525
-7139.522
-7139.520
-7139.519
-7139.518
-7139.513
-7139.512
-7139.509
-7139.504
-7139.503
-7139.502
-7139.500
-7139.496
-7139.489
-7139.486
-7139.485
-7139.484
-7139.481
-7139.478
-7139.477
-7139.475
-7139.473
-7139.468
-7139.466
-7139.465
-7139.460
-7139.459
-7139.458
-7139.452
-7139.451
-7139.450
-7139.449
-7139.447
-7139.442
-7139.440
-7139.439
-7139.436
-7139.435
-7139.434
-7139.433
-7139.432
-7139.431
-7139.430
-7139.428
-7139.426
-7139.424
-7139.423
-7139.422
-7139.421
-7139.420
-7139.417
-7139.414
-7139.411
-7139.410
-7139.409
-7139.405
-7139.398
-7139.396
-7139.394
-7139.392
-7139.390
-7139.388
-7139.385
-7139.384
-7139.382
-7139.378
-7139.376
-7139.374
-7139.371
-7139.368
-7139.367
-7139.363
-7139.359
-7139.358
-7139.353
-7139.351
-7139.350
-7139.345
-7139.342
-7139.341
-7139.338
-7139.328
-7139.327
-7139.324
-7139.323
-7139.322
-7139.320
-7139.318
-7139.316
-7139.315
-7139.314
-7139.312
-7139.310
-7139.309
-7139.308
-7139.307
-7139.306
-7139.304
-7139.303
-7139.302
-7139.300
-7139.297
-7139.296
-7139.294
-7139.293
-7139.292
-7139.291
-7139.289
-7139.288
-7139.287
-7139.286
-7139.285
-7139.284
-7139.283
-7139.281
-7139.278
-7139.274
-7139.273
-7139.271
-7139.270
-7139.269
-7139.266
-7139.265
-7139.264
-7139.261
-7139.260
-7139.257
-7139.248
-7139.247
-7139.244
-7139.243
-7139.240
-7139.239
-7139.238
-7139.236
-7139.235
-7139.233
-7139.231
-7139.230
-7139.229
-7139.228
-7139.226
-7139.225
-7139.224
-7139.221
-7139.220
-7139.219
-7139.217
-7139.216
-7139.215
-7139.214
-7139.213
-7139.211
-7139.204
-7139.203
-7139.202
-7139.201
-7139.200
-7139.195
-7139.194
-7139.193
-7139.192
-7139.191
-7139.190
-7139.189
-7139.187
-7139.185
-7139.184
-7139.183
-7139.181
-7139.180
-7139.179
-7139.177
-7139.176
-7139.175
-7139.174
-7139.173
-7139.171
-7139.169
-7139.167
-7139.166
-7139.164
-7139.163
-7139.160
-7139.159
-7139.158
-7139.157
-7139.155
-7139.154
-7139.150
-7139.145
-7139.144
-7139.143
-7139.142
-7139.141
-7139.139
-7139.138
-7139.137
-7139.134
-7139.130
-7139.129
-7139.127
-7139.126
-7139.124
-7139.122
-7139.120
-7139.119
-7139.117
-7139.115
-7139.114
-7139.111
-7139.109
-7139.108
-7139.107
-7139.106
-7139.105
-7139.101
-7139.100
-7139.099
-7139.096
-7139.093
-7139.092
-7139.091
-7139.089
-7139.088
-7139.087
-7139.083
-7139.082
-7139.081
-7139.080
-7139.078
-7139.077
-7139.074
-7139.073
-7139.069
-7139.066
-7139.064
-7139.063
-7139.062
-7139.061
-7139.060
-7139.059
-7139.057
-7139.056
-7139.055
-7139.053
-7139.052
-7139.051
-7139.049
-7139.048
-7139.047
-7139.045
-7139.044
-7139.043
-7139.042
-7139.039
-7139.038
-7139.037
-7139.035
-7139.033
-7139.030
-7139.029
-7139.028
-7139.027
-7139.026
-7139.024
-7139.022
-7139.021
-7139.019
-7139.017
-7139.016
-7139.013
-7139.012
-7139.011
-7139.010
-7139.008
-7139.007
-7139.006
-7139.005
-7139.004
-7139.003
-7139.001
-7138.998
-7138.997
-7138.996
-7138.988
-7138.986
-7138.984
-7138.983
-7138.982
-7138.979
-7138.976
-7138.975
-7138.974
-7138.972
-7138.971
-7138.970
-7138.968
-7138.967
-7138.966
-7138.965
-7138.964
-7138.963
-7138.962
-7138.961
-7138.960
-7138.958
-7138.956
-7138.955
-7138.954
-7138.951
-7138.950
-7138.949
-7138.948
-7138.947
-7138.946
-7138.945
-7138.944
-7138.941
-7138.940
-7138.939
-7138.938
-7138.937
-7138.936
-7138.935
-7138.934
-7138.933
-7138.932
-7138.931
-7138.929
-7138.928
-7138.927
-7138.925
-7138.922
-7138.921
-7138.920
-7138.918
-7138.917
-7138.913
-7138.911
-7138.909
-7138.908
-7138.907
-7138.906
-7138.903
-7138.902
-7138.901
-7138.900
-7138.899
-7138.898
-7138.897
-7138.896
-7138.894
-7138.892
-7138.889
-7138.888
-7138.887
-7138.885
-7138.884
-7138.882
-7138.880
-7138.879
-7138.874
-7138.873
-7138.872
-7138.871
-7138.870
-7138.869
-7138.866
-7138.864
-7138.860
-7138.859
-7138.857
-7138.856
-7138.855
-7138.853
-7138.852
-7138.849
-7138.847
-7138.845
-7138.844
-7138.843
-7138.842
-7138.841
-7138.839
-7138.838
-7138.836
-7138.835
-7138.833
-7138.832
-7138.831
-7138.829
-7138.828
-7138.827
-7138.825
-7138.823
-7138.822
-7138.819
-7138.817
-7138.816
-7138.815
-7138.814
-7138.812
-7138.810
-7138.809
-7138.808
-7138.807
-7138.806
-7138.803
-7138.802
-7138.801
-7138.800
-7138.799
-7138.798
-7138.797
-7138.796
-7138.794
-7138.793
-7138.791
-7138.790
-7138.789
-7138.788
-7138.787
-7138.786
-7138.785
-7138.783
-7138.782
-7138.780
-7138.779
-7138.774
-7138.773
-7138.772
-7138.771
-7138.770
-7138.768
-7138.767
-7138.766
-7138.765
-7138.764
-7138.763
-7138.759
-7138.758
-7138.757
-7138.756
-7138.753
-7138.752
-7138.749
-7138.747
-7138.745
-7138.743
-7138.742
-7138.740
-7138.739
-7138.738
-7138.737
-7138.736
-7138.735
-7138.734
-7138.733
-7138.731
-7138.730
-7138.729
-7138.727
-7138.724
-7138.723
-7138.722
-7138.720
-7138.718
-7138.717
-7138.715
-7138.714
-7138.712
-7138.710
-7138.709
-7138.707
-7138.706
-7138.704
-7138.702
-7138.701
-7138.700
-7138.698
-7138.694
-7138.693
-7138.690
-7138.689
-7138.688
-7138.687
-7138.686
-7138.685
-7138.684
-7138.681
-7138.680
-7138.673
-7138.672
-7138.671
-7138.670
-7138.669
-7138.666
-7138.665
-7138.664
-7138.663
-7138.660
-7138.659
-7138.655
-7138.654
-7138.653
-7138.652
-7138.651
-7138.650
-7138.649
-7138.646
-7138.645
-7138.644
-7138.642
-7138.641
-7138.638
-7138.636
-7138.635
-7138.634
-7138.633
-7138.632
-7138.631
-7138.629
-7138.628
-7138.627
-7138.625
-7138.624
-7138.621
-7138.620
-7138.617
-7138.615
-7138.614
-7138.612
-7138.610
-7138.609
-7138.608
-7138.605
-7138.604
-7138.599
-7138.598
-7138.597
-7138.596
-7138.595
-7138.593
-7138.591
-7138.589
-7138.588
-7138.587
-7138.586
-7138.584
-7138.582
-7138.579
-7138.578
-7138.577
-7138.573
-7138.572
-7138.570
-7138.568
-7138.564
-7138.563
-7138.562
-7138.560
-7138.558
-7138.556
-7138.555
-7138.551
-7138.549
-7138.545
-7138.544
-7138.543
-7138.540
-7138.539
-7138.536
-7138.534
-7138.533
-7138.532
-7138.531
-7138.530
-7138.529
-7138.528
-7138.527
-7138.524
-7138.523
-7138.520
-7138.519
-7138.518
-7138.516
-7138.514
-7138.512
-7138.511
-7138.510
-7138.509
-7138.508
-7138.506
-7138.504
-7138.500
-7138.499
-7138.498
-7138.497
-7138.495
-7138.494
-7138.492
-7138.490
-7138.489
-7138.488
-7138.487
-7138.486
-7138.481
-7138.480
-7138.477
-7138.476
-7138.475
-7138.472
-7138.471
-7138.470
-7138.467
-7138.465
-7138.463
-7138.460
-7138.459
-7138.458
-7138.457
-7138.454
-7138.453
-7138.450
-7138.448
-7138.447
-7138.445
-7138.444
-7138.443
-7138.442
-7138.439
-7138.437
-7138.436
-7138.435
-7138.434
-7138.433
-7138.432
-7138.430
-7138.429
-7138.427
-7138.426
-7138.424
-7138.421
-7138.419
-7138.416
-7138.413
-7138.411
-7138.410
-7138.409
-7138.407
-7138.406
-7138.403
-7138.402
-7138.401
-7138.400
-7138.395
-7138.394
-7138.393
-7138.391
-7138.390
-7138.389
-7138.388
-7138.387
-7138.381
-7138.380
-7138.378
-7138.375
-7138.374
-7138.373
-7138.372
-7138.370
-7138.368
-7138.363
-7138.362
-7138.361
-7138.357
-7138.355
-7138.354
-7138.351
-7138.350
-7138.348
-7138.346
-7138.343
-7138.342
-7138.340
-7138.339
-7138.338
-7138.335
-7138.334
-7138.333
-7138.332
-7138.331
-7138.330
-7138.329
-7138.328
-7138.327
-7138.326
-7138.324
-7138.322
-7138.320
-7138.319
-7138.318
-7138.317
-7138.316
-7138.315
-7138.314
-7138.313
-7138.312
-7138.311
-7138.309
-7138.308
-7138.306
-7138.305
-7138.302
-7138.299
-7138.298
-7138.297
-7138.296
-7138.295
-7138.294
-7138.293
-7138.292
-7138.290
-7138.286
-7138.285
-7138.284
-7138.283
-7138.282
-7138.279
-7138.278
-7138.277
-7138.274
-7138.273
-7138.271
-7138.270
-7138.269
-7138.268
-7138.266
-7138.263
-7138.262
-7138.261
-7138.256
-7138.255
-7138.253
-7138.252
-7138.251
-7138.249
-7138.248
-7138.247
-7138.245
-7138.244
-7138.243
-7138.242
-7138.239
-7138.238
-7138.237
-7138.236
-7138.235
-7138.234
-7138.233
-7138.232
-7138.231
-7138.227
-7138.224
-7138.219
-7138.218
-7138.213
-7138.211
-7138.209
