-14244.569
-14244.440
-14244.416
-14244.386
-14244.372
-14244.366
-14244.272
-14244.222
-14244.146
-14244.142
-14244.134
-14244.080
-14244.079
-14244.076
-14244.067
-14244.065
-14244.064
-14244.058
-14244.053
-14244.048
-14244.039
-14244.034
-14244.033
-14244.030
-14244.028
-14244.011
-14244.009
-14243.992
-14243.984
-14243.965
-14243.960
-14243.956
-14243.940
-14243.916
-14243.906
-14243.905
-14243.891
-14243.886
-14243.880
-14243.866
-14243.857
-14243.855
-14243.842
-14243.839
-14243.834
-14243.826
-14243.816
-14243.800
-14243.794
-14243.786
-14243.784
-14243.778
-14243.773
-14243.772
-14243.768
-14243.755
-14243.754
-14243.730
-14243.725
-14243.713
-14243.708
-14243.700
-14243.699
-14243.698
-14243.673
-14243.672
-14243.660
-14243.658
-14243.651
-14243.629
-14243.628
-14243.621
-14243.618
-14243.606
-14243.594
-14243.593
-14243.587
-14243.584
-14243.581
-14243.572
-14243.570
-14243.568
-14243.564
-14243.558
-14243.554
-14243.549
-14243.547
-14243.544
-14243.540
-14243.539
-14243.534
-14243.524
-14243.523
-14243.522
-14243.521
-14243.519
-14243.516
-14243.510
-14243.501
-14243.500
-14243.493
-14243.490
-14243.485
-14243.483
-14243.482
-14243.479
-14243.477
-14243.472
-14243.470
-14243.469
-14243.466
-14243.464
-14243.461
-14243.459
-14243.455
-14243.449
-14243.446
-14243.444
-14243.438
-14243.435
-14243.431
-14243.429
-14243.428
-14243.419
-14243.407
-14243.395
-14243.391
-14243.387
-14243.386
-14243.379
-14243.377
-14243.374
-14243.373
-14243.372
-14243.360
-14243.349
-14243.338
-14243.330
-14243.318
-14243.317
-14243.311
-14243.299
-14243.283
-14243.282
-14243.269
-14243.266
-14243.260
-14243.255
-14243.252
-14243.236
-14243.229
-14243.214
-14243.213
-14243.209
-14243.207
-14243.199
-14243.198
-14243.197
-14243.194
-14243.191
-14243.188
-14243.187
-14243.172
-14243.168
-14243.167
-14243.165
-14243.162
-14243.158
-14243.154
-14243.150
-14243.142
-14243.139
-14243.133
-14243.132
-14243.130
-14243.126
-14243.125
-14243.123
-14243.122
-14243.112
-14243.111
-14243.104
-14243.100
-14243.093
-14243.088
-14243.078
-14243.075
-14243.070
-14243.062
-14243.061
-14243.060
-14243.055
-14243.051
-14243.050
-14243.040
-14243.036
-14243.033
-14243.030
-14243.016
-14243.012
-14243.010
-14242.998
-14242.997
-14242.992
-14242.987
-14242.986
-14242.983
-14242.981
-14242.980
-14242.975
-14242.971
-14242.969
-14242.963
-14242.962
-14242.961
-14242.959
-14242.948
-14242.943
-14242.941
-14242.932
-14242.931
-14242.928
-14242.925
-14242.912
-14242.908
-14242.906
-14242.905
-14242.903
-14242.900
-14242.893
-14242.887
-14242.878
-14242.875
-14242.873
-14242.872
-14242.857
-14242.854
-14242.853
-14242.851
-14242.846
-14242.842
-14242.828
-14242.820
-14242.813
-14242.811
-14242.806
-14242.804
-14242.803
-14242.801
-14242.793
-14242.791
-14242.784
-14242.780
-14242.770
-14242.764
-14242.760
-14242.753
-14242.751
-14242.749
-14242.743
-14242.741
-14242.739
-14242.738
-14242.733
-14242.729
-14242.725
-14242.724
-14242.722
-14242.719
-14242.718
-14242.717
-14242.716
-14242.715
-14242.712
-14242.710
-14242.707
-14242.705
-14242.704
-14242.701
-14242.700
-14242.699
-14242.698
-14242.697
-14242.688
-14242.677
-14242.675
-14242.672
-14242.671
-14242.669
-14242.667
-14242.665
-14242.664
-14242.663
-14242.660
-14242.655
-14242.646
-14242.644
-14242.643
-14242.641
-14242.639
-14242.631
-14242.627
-14242.624
-14242.621
-14242.618
-14242.616
-14242.614
-14242.612
-14242.610
-14242.608
-14242.607
-14242.606
-14242.604
-14242.601
-14242.600
-14242.599
-14242.596
-14242.595
-14242.594
-14242.592
-14242.585
-14242.584
-14242.583
-14242.579
-14242.578
-14242.577
-14242.570
-14242.568
-14242.567
-14242.564
-14242.563
-14242.560
-14242.557
-14242.554
-14242.553
-14242.550
-14242.549
-14242.547
-14242.545
-14242.544
-14242.538
-14242.531
-14242.530
-14242.529
-14242.525
-14242.522
-14242.519
-14242.518
-14242.516
-14242.509
-14242.504
-14242.503
-14242.501
-14242.500
-14242.499
-14242.498
-14242.492
-14242.489
-14242.488
-14242.486
-14242.485
-14242.483
-14242.480
-14242.479
-14242.478
-14242.476
-14242.474
-14242.472
-14242.471
-14242.470
-14242.463
-14242.462
-14242.460
-14242.459
-14242.455
-14242.452
-14242.444
-14242.443
-14242.442
-14242.436
-14242.435
-14242.432
-14242.428
-14242.424
-14242.423
-14242.410
-14242.409
-14242.405
-14242.403
-14242.402
-14242.395
-14242.393
-14242.389
-14242.388
-14242.386
-14242.385
-14242.384
-14242.381
-14242.378
-14242.376
-14242.371
-14242.370
-14242.369
-14242.368
-14242.366
-14242.365
-14242.363
-14242.360
-14242.359
-14242.358
-14242.356
-14242.353
-14242.352
-14242.351
-14242.348
-14242.346
-14242.345
-14242.344
-14242.343
-14242.340
-14242.339
-14242.337
-14242.335
-14242.333
-14242.326
-14242.325
-14242.320
-14242.317
-14242.315
-14242.312
-14242.311
-14242.310
-14242.308
-14242.307
-14242.306
-14242.305
-14242.303
-14242.302
-14242.299
-14242.297
-14242.296
-14242.295
-14242.293
-14242.290
-14242.289
-14242.287
-14242.284
-14242.280
-14242.275
-14242.273
-14242.270
-14242.269
-14242.267
-14242.266
-14242.249
-14242.248
-14242.247
-14242.246
-14242.245
-14242.241
-14242.239
-14242.238
-14242.236
-14242.232
-14242.228
-14242.222
-14242.220
-14242.212
-14242.211
-14242.209
-14242.205
-14242.203
-14242.201
-14242.200
-14242.197
-14242.196
-14242.190
-14242.189
-14242.188
-14242.187
-14242.182
-14242.181
-14242.180
-14242.178
-14242.177
-14242.174
-14242.173
-14242.172
-14242.168
-14242.163
-14242.154
-14242.151
-14242.150
-14242.148
-14242.147
-14242.141
-14242.140
-14242.139
-14242.135
-14242.134
-14242.133
-14242.132
-14242.129
-14242.128
-14242.126
-14242.124
-14242.122
-14242.121
-14242.120
-14242.119
-14242.118
-14242.115
-14242.113
-14242.112
-14242.111
-14242.110
-14242.109
-14242.107
-14242.105
-14242.101
-14242.100
-14242.099
-14242.098
-14242.096
-14242.091
-14242.086
-14242.084
-14242.082
-14242.081
-14242.079
-14242.075
-14242.072
-14242.071
-14242.070
-14242.068
-14242.066
-14242.062
-14242.061
-14242.060
-14242.058
-14242.047
-14242.045
-14242.044
-14242.043
-14242.038
-14242.036
-14242.034
-14242.033
-14242.032
-14242.024
-14242.022
-14242.021
-14242.020
-14242.019
-14242.016
-14242.015
-14242.013
-14242.008
-14241.998
-14241.997
-14241.995
-14241.992
-14241.990
-14241.988
-14241.987
-14241.986
-14241.984
-14241.981
-14241.979
-14241.977
-14241.976
-14241.974
-14241.973
-14241.972
-14241.970
-14241.968
-14241.967
-14241.962
-14241.960
-14241.957
-14241.954
-14241.953
-14241.952
-14241.950
-14241.947
-14241.945
-14241.944
-14241.943
-14241.942
-14241.940
-14241.939
-14241.938
-14241.936
-14241.933
-14241.932
-14241.931
-14241.930
-14241.926
-14241.920
-14241.917
-14241.910
-14241.908
-14241.907
-14241.903
-14241.901
-14241.898
-14241.896
-14241.895
-14241.893
-14241.892
-14241.891
-14241.890
-14241.888
-14241.879
-14241.878
-14241.877
-14241.876
-14241.875
-14241.874
-14241.871
-14241.870
-14241.867
-14241.865
-14241.863
-14241.861
-14241.858
-14241.855
-14241.854
-14241.853
-14241.850
-14241.846
-14241.845
-14241.844
-14241.840
-14241.837
-14241.836
-14241.835
-14241.834
-14241.832
-14241.831
-14241.829
-14241.828
-14241.827
-14241.819
-14241.817
-14241.816
-14241.815
-14241.814
-14241.813
-14241.811
-14241.810
-14241.809
-14241.807
-14241.806
-14241.805
-14241.803
-14241.801
-14241.798
-14241.797
-14241.796
-14241.795
-14241.793
-14241.792
-14241.790
-14241.784
-14241.783
-14241.782
-14241.781
-14241.779
-14241.777
-14241.773
-14241.772
-14241.770
-14241.768
-14241.767
-14241.764
-14241.762
-14241.761
-14241.759
-14241.758
-14241.757
-14241.756
-14241.754
-14241.753
-14241.749
-14241.746
-14241.743
-14241.742
-14241.739
-14241.735
-14241.733
-14241.732
-14241.731
-14241.730
-14241.728
-14241.727
-14241.724
-14241.722
-14241.717
-14241.715
-14241.710
-14241.709
-14241.707
-14241.705
-14241.704
-14241.703
-14241.701
-14241.699
-14241.697
-14241.694
-14241.692
-14241.691
-14241.688
-14241.687
-14241.685
-14241.683
-14241.682
-14241.677
-14241.675
-14241.670
-14241.667
-14241.662
-14241.661
-14241.659
-14241.658
-14241.651
-14241.650
-14241.649
-14241.647
-14241.642
-14241.641
-14241.638
-14241.636
-14241.635
-14241.634
-14241.632
-14241.628
-14241.627
-14241.623
-14241.621
-14241.620
-14241.613
-14241.612
-14241.610
-14241.609
-14241.607
-14241.606
-14241.601
-14241.600
-14241.598
-14241.597
-14241.592
-14241.591
-14241.590
-14241.589
-14241.587
-14241.583
-14241.582
-14241.581
-14241.580
-14241.579
-14241.576
-14241.574
-14241.573
-14241.571
-14241.570
