4.138874449237988
4.135445007869577
4.128543084426463
4.8832525033124154
4.189166888565736
4.140092372704373
4.179564596430818
4.139058188846595
4.217854164724534
4.744220322165383
4.110306876855266
4.078514615928086
4.1271266008621454
4.4375678188275245
4.122157320576354
3.947716704027387
4.050859670296617
4.079601832401966
4.188349625830673
3.3091225983690213
3.27128440963711
3.2574256715026966
3.331010354222123
4.47913222584816
4.052526418960042
3.276020247075233
3.2822140211086954
4.39226893769294
4.458775241518442
3.366181021633202
3.3841838471817325
3.290426497468856
3.392215236488295
3.365446310661569
3.2862868304653103
3.2738500560525168
3.283748201185273
3.3789267985044567
3.910100059404052
3.327988512078408
3.1793532277232637
3.285187469057097
3.3911610069740954
3.2371628968906703
4.186273692042722
4.004799337749552
3.244131060769817
3.288465548999829
3.3226597214657536
4.198290178865884
3.3689646650202163
4.219729409889256
3.3735597346874453
3.3950862066654404
3.287826021511635
3.2008366707913654
3.292811253556491
3.345995119942554
3.4268536913549434
3.2745425784716162
4.1919957829088705
4.236605205648561
4.469297614294813
4.668380499739608
3.256553949311627
4.205475953038194
3.288836596804291
4.258424955306303
3.6202689957207994
4.121399890120436
4.290712067712561
3.2998951463016564
3.8629797698184394
3.3047674459738956
3.6046791369885653
3.409577084394235
3.2863812960645746
3.254652872399915
4.286233382261354
3.3350862029346975
3.34388077169599
3.2807374451901303
3.412089672687899
4.637369221300373
3.2772389082004154
3.9355638396831285
4.193380616738427
4.466291453753595
3.2574021980417234
4.208151549663139
3.411143123476352
3.8690964005439
3.363475811562645
3.8488543220078215
3.3310939898787373
3.2632556070917618
3.941523501330061
3.3062786551603063
3.3587553119540434
4.0937862687914235
4.341352899145139
3.405870131087864
3.403842436588609
4.640039508055271
3.11559578043137
4.012433241986337
4.0966483310448565
3.2617417282239045
4.159696017397908
4.500218851605638
4.271231141455276
4.38298166356855
3.710865540382673
4.577389669053075
3.22823973164195
4.511331642747026
3.174903992929654
4.445176347526822
3.350024015136003
4.056812284275465
3.7860036944313666
4.192487227788685
3.2277235827039776
3.2423293197481193
4.29769851197689
4.194228894677439
3.2311341613744977
3.2708928488647895
3.821174625879345
4.307022928843709
4.336758152157477
3.2117451406915345
3.166794298980268
3.3372601981572814
4.772028942061843
3.2664327468695586
3.990472932044887
3.873145077165085
4.591756374570101
4.656331605984346
4.201096570400163
3.636488195150399
3.267233545748162
4.283985902850688
3.635300796365902
3.432191437687096
3.327182683050679
3.1907641953575903
4.4639621471761135
4.1384870369833315
3.2456794431743505
3.288864121909061
4.236267409217323
4.139428922405851
4.524747907756377
4.269778022730158
3.237460113311459
3.4212881975126823
3.384054508251783
3.252796672117733
3.580630476467415
4.37173805645914
3.875022935610059
4.534961019014902
4.275685981808493
3.16759836076214
3.292198138750468
4.430738137009923
3.2791802400768955
4.250714292613441
3.412171445893715
4.0906948323573165
3.303889724321973
3.3211699842411777
3.38559266561045
3.413336350804639
4.0043649655573015
3.4297211339596143
3.2823014927307437
3.884955467361187
3.3870433297532303
3.180247324235534
4.291324806537517
4.667959261497196
4.129433138183261
4.341401945307651
3.1037031174136134
3.3306619108033266
3.2743488282843005
3.373342242904474
3.3409377991435507
4.202157066314411
4.140584149179854
3.436839628542051
3.828650983924022
4.304742456966462
4.148950833643467
3.730504740956813
3.357110973988495
4.358166100051997
3.301003461715755
3.394689268117536
4.329985226452606
3.6627334805998024
4.331141363413931
4.164291951338299
4.547503653330043
3.2412071925968906
4.512923881085797
3.961032813867847
4.803910764003332
3.7029319962192124
4.332838095085586
4.898236608775986
4.19571759985755
4.428981103915336
3.9254398639543178
4.227977012791665
4.233408641639965
3.3436894871831053
4.403394364588557
4.43472549618525
3.407366553540691
3.7751785839746006
4.123858647192289
3.2238618042069622
3.2859117509484816
3.36965438912841
4.537291101179973
4.6954920340485105
3.9893747389162826
4.0521760506163655
3.935429509597201
3.2974460683075035
4.326541462342663
3.2688016113745184
3.958321961524411
3.3856858529091243
3.2574373300416615
4.152906780952478
4.32889752979759
3.3767865789397873
3.8763276851055326
4.340016161791193
3.393046117397412
3.5836158281981634
3.2241209532825055
3.9130194272351577
5.226505694313944
3.7597134456454704
4.2598912276155625
3.411594157542625
3.8425849743609692
3.3751865394569873
3.3846755133120574
4.5694920923587405
3.807944301997729
3.1666629384558393
4.2939955311461695
3.2099832271482738
4.183671869782642
3.4901871729990397
4.084700384716541
3.929955015637584
3.518586594307873
3.741758883882357
4.17476767093493
3.2407534737057597
3.894447782915595
4.271162312894267
3.3972512032338984
3.3723696360942688
3.4204732221853704
3.792225483960176
4.044403591531238
3.4039451656898887
3.3848983211354864
3.246867077899333
4.2336367532387715
4.270275145624614
3.43941758888782
3.089286820048153
3.976951382903823
3.4989063503208584
3.821930365456721
4.5993538465982295
3.385116208172282
6.086027794283229
4.555293324099999
4.631242602450186
3.846949011694199
3.230596241452547
4.328325685654728
3.6916948353391246
4.3537375688584
3.2540745698276896
3.6180335538146227
4.52455825577337
3.3571439918331256
3.2901327715352453
4.193439511913196
3.914785571824557
4.618919657431838
4.240016725854458
3.8017607098369766
3.2235706340602683
3.2900056504544826
4.124184690768615
4.4216333302813675
3.6098198974927116
3.296631789840215
4.731646440597357
3.982729354782165
3.753602902740813
3.3870742696707956
3.913066654450494
3.3799511288522512
3.550628074148814
3.650732565596741
4.572961214058939
3.968275836116055
4.332786541707538
3.339207048168835
4.846496661616654
3.447218273659255
4.284059289144835
4.4502016599993635
3.65754932554169
3.8845664442238803
4.4030664596849665
3.2863381797703086
4.97867278072446
3.7517214973277957
3.557773064259436
3.7455504791717313
3.226359945831442
3.1728643319156284
4.1557329036160775
3.327293264442111
4.154584199212787
4.959287426934234
4.210925680582504
4.243494086327914
3.2813808491271046
4.131010307022642
4.4069397812434605
3.2241532597623705
3.1520314401856178
3.70059957257535
3.576297685534599
4.30242988263535
3.2041919330166415
4.343636702825765
5.126035184752055
3.649963368539395
3.604158308647908
3.3888409329285123
3.6634419697070197
4.081218854892034
4.345049863761376
3.4857074658336984
3.793410031931514
4.183283677256254
3.238188782251545
3.643052411615248
3.553098621956049
3.862465251879841
3.8459805807205525
5.8556841065022205
4.318526110910703
3.3799119221108365
3.3633124777478436
3.382345606329571
4.2024765531735895
3.73367134266834
3.6672871459822827
5.050726396238641
3.56025412315171
4.4180238227647965
3.3032991250905743
3.3596963778451636
3.681871899161334
4.7920344292838575
3.3003367983687713
4.502249030020856
4.203722905614984
3.3560082451228865
3.3296737111281125
4.3211901026301405
3.3599542424623117
3.5383718649355353
3.7553320427846404
5.253059306792094
4.016625294601998
3.302140240253613
3.5539433422793456
4.207933499413966
4.734203616533105
3.280699510706395
3.869111079076913
4.449311862982949
3.4783138468984127
3.372600228372606
3.775273719458321
3.258832879453423
3.8205899766646017
3.4997619027935913
4.74277545566512
3.301826236204743
3.2365550033452286
4.17375260488611
4.705379634752791
4.340526764049578
3.798943147361
4.668760482087242
3.3701371446662844
4.534566775302181
4.914526150040553
3.256195695960026
3.2825960957474027
3.7386987307280672
3.3775029572389403
3.3169076516079654
3.3980048478937936
3.2357661602129912
3.2048130362855
5.617812234385779
3.749273069749758
3.2188064865979324
5.1178119928483135
3.3903859205737708
3.341589225265752
4.460048104517078
3.3007937224233475
4.218919729682659
3.3011192338790694
4.549519816588093
3.4978649303251212
5.846642151943676
3.35387628254418
3.1190445835997926
4.056240809715931
4.272921530626529
3.5501943679270975
3.4200699788356745
3.744307435533333
4.348958273307057
5.367418056227957
4.920662396740852
3.2486797450066667
4.1943368575926945
3.2986177561403855
4.173678148078913
3.3886507370363432
4.113917233902607
3.9044413660298645
4.864118197596728
3.24475177074444
4.389746525401398
3.2829421198282276
4.630095447242721
3.683174395846015
3.6141341140736416
4.549227458377776
3.4397869243691845
5.688174621094485
3.7725670350884073
4.268123722600608
4.566375773612208
4.204344557739753
3.622296451606465
4.446146414860311
3.269840716320488
4.277725008440019
3.855084583079072
5.20161129835762
3.5132290916692046
3.545780972996539
3.5631131180411515
4.587134422880259
4.478916629371309
3.502625188187167
3.2739700289164118
3.6750489589504154
3.657017110390374
3.6294353990645982
4.324832733281779
3.834167650174293
3.605136321629991
3.6316051445046185
3.7423191564628535
3.261573620492103
4.39027546080572
3.708322772401276
3.277762650396946
3.996953986423136
4.567021153788641
4.552452587719175
5.216099082716969
4.182977825306124
3.4187704314969523
3.727490203390331
3.2275577807677465
4.84605081084608
3.7687264104120253
3.640989040252851
3.700003997350301
4.425059708676592
4.633234165400627
3.860257681038717
3.530667850516733
3.5966783631756463
3.5119874355886713
3.9642997510134457
3.1607154284159655
3.8847022532466418
3.3227259565817815
3.1137316375513677
4.350977823749054
4.402593358177604
3.502430082814053
3.6586391642940566
4.226232879092972
4.20725910981937
4.342625152888283
3.64895782667098
3.785440640590857
4.7114860214117185
4.423779353215037
3.970415833226059
3.9050568262156626
3.6815106615173043
3.5629378291319718
4.178972067733622
3.5175624134453534
3.3299020644376784
4.3749208542226965
3.181037548785568
3.3806895254309604
3.2743887259396303
4.451467668586566
4.446598629651849
4.455656360574475
3.1697317190906587
3.264514441838769
3.1980911105349366
4.199606248830002
3.2482277445196583
3.731650092061751
3.32160973551156
4.687694676214815
3.160482550044302
4.574930276426356
3.6549729519720495
3.8346721892522706
3.0847436548428218
5.03726133050393
4.038595343180772
3.4518641368102765
3.516522367814858
4.401121194028281
3.6138131699199696
4.329029415358908
3.306450307652293
4.186606379496729
4.847549949351018
3.452223350960577
4.146741457616617
5.149823479015607
3.3160750576246047
4.513164674835191
3.607000444858728
3.321826728494364
3.8722556552868097
3.2958618171314593
3.9405997701357833
3.3123258077257134
3.687238587672694
5.300235092323426
4.420297756420595
4.569571761328702
3.7549560800628865
3.5139765661918503
3.0857885369960663
4.287788150729179
3.136092100841344
4.45264267914808
3.511929251660685
2.987369712653913
5.171015655678208
6.234746302845292
3.771254268347202
3.454411979142908
3.421072280197409
3.4091214302107713
3.3725535445188406
4.776725311507795
4.22723621781494
3.3960652717490687
4.072480822562412
3.5821772998525665
4.256047493927293
3.463044762364822
4.102024520262026
4.263324944184714
3.747617939490935
3.285131541067445
4.124097529353442
3.686944973087688
3.264317116037877
4.667878301494997
3.669995259692932
4.0066124854882
4.821689665935622
3.105768437264583
3.4525221985715766
3.779514296163983
4.204783827692963
3.9677501431494795
3.3927019191831365
3.9957292560854434
3.9468780238305867
3.982924736274043
3.2680225920581707
3.3962146938139988
3.7674676068568633
4.689048908622088
4.285567862368085
4.1569994632183205
3.6732611453588064
3.3749743939621264
3.9705398204983338
3.4143414609552982
4.371360499803718
3.7349879534788286
4.606629614520637
3.291317098073031
4.235164328984872
5.828832856108753
3.621463567012194
3.233315725512581
3.9277096386853003
4.177719871843053
3.906513856091844
3.9347813487350756
3.525055931768838
3.763042342748683
4.699075776804904
3.383816838583278
4.172862191793304
3.2621728733685433
3.590013778985372
3.1434511333180004
4.385395355542469
3.7178999825544774
4.743837707920004
3.5134706990594498
4.3056753924233595
3.6050461359762256
3.686333444899196
4.2872449459236925
4.438218153575463
4.646979543206788
4.1242698880162845
3.393878889251286
3.8959966008317926
5.140111388572903
3.4539615236809995
3.3335912280569615
4.265560161581564
3.76460771010304
3.7134132456879714
3.36976548717725
3.496806350736441
3.751093688442829
3.3133760043046436
3.2886966127328243
4.113036231248525
4.635406691178231
3.6223288320211235
3.992572566266503
3.875498813138885
4.6203564447695635
4.395003639316211
3.765515697805326
3.351820329735286
3.3985354752139716
3.1430737021321966
4.280978576224688
4.400141290121258
4.591011724359689
3.2811616769780256
4.6964364925870665
6.199316317133736
3.3608753469682964
3.2958294384917104
4.090825210464237
3.502765176251771
3.899225093926546
4.370954549850187
4.3160931476051925
4.048265745163197
3.632751037938369
3.273171421605774
3.5943570364590443
4.266885103103872
3.334053847718329
4.377700654008068
4.458313532143902
3.939995766168889
3.771761545456406
3.843508883348609
3.501371635384885
4.17542726375034
5.306827334403032
3.810459751438013
3.1972498087845054
2.983423500151692
4.43744368481034
4.177238655543393
3.441222161586938
3.325470631603795
3.451330751950733
3.8128247141665708
4.167022889774118
3.8679428035163532
3.558069657636946
5.697848263915758
3.254501475864336
4.460972701319864
4.551290155969602
4.738133920510742
3.2309049777816545
3.4874367949145144
5.429305195983421
3.597701264782792
4.056129891667777
5.883834823333842
3.7481358985513227
3.4761398903664267
4.029789796285984
4.402411485997522
4.6775418565479
4.2926818200672585
4.701470321038196
3.45411577127945
3.188251277661577
4.194582482138376
3.3324657917399216
3.2818239295787217
3.4611649770699406
3.4147605646860786
3.1035564509180733
4.221389031595282
3.9407000639711547
3.3296257999184995
3.7133279830160646
3.2994265711736612
3.305642805145761
3.1273004174006265
3.470815915373096
3.3084881481791326
4.2920776687002995
4.863209054312651
5.027223949302076
4.541720019733241
3.8477887920903013
4.602439600213394
3.475023326136175
4.755701813237434
3.383856203418876
3.139864471944388
4.0853694960884575
3.3851651224390227
3.8416337308560604
4.053291950041997
3.3901098999232167
4.291204271226455
3.187278016849951
3.542620783161914
3.804594225023762
4.919904872037044
5.142054556904659
3.882542683807845
3.3575173630885264
4.0517581385777275
4.548773557533167
3.369798708970328
4.489032790558458
5.25397963830424
3.172166821840899
3.2614681400186663
5.308845946423861
3.2732047246535245
4.8265365563368015
3.170707644933613
3.4967596808492276
4.682448606335782
3.4609143214419333
3.279320820952493
3.7091073872992553
3.438223839735752
