3.1024307927633874
3.120145137439109
3.1075699606102516
3.1647369256659745
3.0809047126399767
3.0960812344390995
3.1778547673203557
3.1522284838946257
3.1263437009310544
3.225124390499429
3.126656148630398
3.1176438554088994
3.108177128821595
3.3039700005271575
3.0889715288325976
3.096642409224107
3.110512976044348
3.0961673672976966
3.0993924991476733
3.0194242656641386
2.8239568978552354
3.0235623704661023
3.064141755833382
2.8061936412822517
3.1348607388991154
2.829664594870668
2.992415968383101
3.1383916138967085
3.32414471433595
2.8725419438081046
3.062514997947156
2.8521101394539947
3.0501176900829092
3.0610075445354683
2.848198497441077
2.83390465767784
2.8420572869043825
3.055350648167776
3.1001747410563754
3.0536907364570722
2.9537007349605857
3.0245880446005797
3.0484669588884374
2.999029827940685
3.1290617656362496
3.104897737611403
2.9535121236573527
2.8315549284742105
3.0340612334884787
3.148058001420079
2.8919844999667834
3.174974765641617
3.0303715114582195
2.8740163306769895
3.0157893545950327
2.954527385094555
2.8333562500218203
2.8992186011628083
2.8878354358287295
2.8097415126986607
3.1624397793999077
3.1219719180902454
3.238853587216377
3.2044436931643023
2.8411308184804427
3.194765958797463
2.810913635403166
3.1740826714001065
2.7631875445149734
3.125228144315771
3.193373716467373
2.8999879931288772
3.152601539141687
2.8874963991118947
2.7573120943729763
2.8684794762196564
3.1088443536666417
2.8512711001491877
3.200422315627099
3.029196153972332
2.83245306770555
3.1335933960604843
3.1347957413999263
3.111072914825687
3.1533136858875093
2.8516891527142496
3.086924614407568
3.4556422042439228
3.1350831417549805
3.1549931991240863
2.8886325853587067
3.1528173079102957
2.9117974721910382
3.1539665275319915
2.9877472319808875
3.135829762128561
3.183390307123853
2.8451794579440217
2.8426513679338603
2.8409411848809016
3.0354097542152516
2.878894664758049
2.9227744622292744
3.118924206649612
3.019343427801417
3.1352938355654802
2.9262028972993197
3.0196365871059103
3.144139418591536
2.8770424075298164
3.455963267917399
2.847504383168195
2.9154023249264687
3.104579745392672
3.0546809264458337
3.204036267129195
3.0875851225504567
3.2694242425031885
2.9728113712526585
3.3935472106555427
2.8619123271655478
2.776521809829784
3.0305654827298145
2.9045627867643375
3.198818979344965
2.9037261042436078
3.023123892049991
3.0878926203564845
3.1134462833640955
3.2331488126723276
3.2485980337111426
2.9199419473612913
3.0241596610445916
3.0706202417027133
3.223722605040186
2.902078899511144
3.2103849545956114
3.0838292292560627
3.3347120953499196
3.0858437799157294
3.0920763302596623
2.7834717694634463
2.920756697659289
2.9697420445465763
2.790670473555029
3.109999839773774
3.08026222909657
2.876525987009146
3.2535404048458205
3.071595539978696
2.800646387501266
2.921221765422798
3.198515456665188
3.045339423540692
3.132100990529476
3.076088594007293
2.9985134424334334
2.935774376202575
3.0818385842910825
3.1660244321038964
3.1396788530252637
3.1183708177845078
3.1031314428545698
3.2308287131067557
2.726322389634125
2.8301746664400116
3.0939805985665876
3.1850204844347436
3.1431409361724283
3.209187339121611
3.153231267171144
3.0705075202728755
3.006685858546775
3.076389836886164
2.798571433751671
3.02172753795929
2.9210027414688255
2.963169856602362
2.835114108612329
3.1524215980577486
2.999504120414866
2.7922019775242792
3.0103983757377324
3.3614327129341404
3.029066598417428
3.468466198077377
2.8459051426764197
2.8352260366014073
2.812352092793492
2.962624157879894
2.976489394843947
3.3332374094380217
3.0123988913083886
2.923538802015211
3.109680349039239
2.952629440200655
3.01621992544466
3.23782934148516
3.0312543971092856
3.158584208178078
2.834519426616283
2.9010461278026245
3.231333437616065
2.9853647142307103
3.1169566333369843
2.9575285341138073
2.9791182700561727
3.040347086798136
3.0604140357723875
3.1593806270439475
3.604549032364784
3.0664403274816543
3.4558570802979114
3.1215481775111353
3.3554787942231568
3.0788720741873137
2.9794823388847913
3.0584638853974053
3.14815888872496
3.0750262481689705
3.2429413976848265
3.21912729138634
3.090895177830329
2.94821438138347
3.3226744398154966
3.078532176990232
2.989641177144134
3.0651853620082963
3.0870531872400426
3.2246184974629104
3.131992656587015
3.0533337371110076
3.1463195243684683
3.102068769175328
3.2482944889740746
2.9343329369111593
3.2382561940913646
3.0279876881802332
2.868569614688816
2.9729794517208883
3.0235153666600825
3.0166243069348653
3.016106133765757
3.056340028354747
3.1180368716566766
3.093846019817771
3.005942726572948
3.060241437075622
3.2936369687396945
2.8903180038458336
3.1253841728575447
3.107426609377845
3.0559991413182916
2.977633260741764
3.0517753122323836
3.205234770894598
2.8666670537039707
2.9775370104280854
3.080493566275493
2.9762241578918123
3.200715089846773
2.975470874746964
3.2693293090751747
3.0076160374262773
3.0910763301795683
2.9018802217898547
3.1309151612984976
2.8022575887984673
2.8732972954874887
3.0825133460283674
2.9641872749407905
3.0952143232814224
3.1442790689263114
3.0256196366672325
2.9498721897390054
3.188375981350088
3.092216779839946
2.9082079007463717
3.121743496670824
2.8800432205780697
2.9649902470875262
2.871409890570908
3.140494973889863
3.037555082214311
3.138611119409757
3.55696165886023
3.0351864716361003
4.612647184689553
3.4360480289350352
3.116154730600268
2.910496834793944
2.880421039948178
3.0996104750313647
3.043316742076277
3.0496557345571023
2.8278121748581313
3.314938226907557
3.02301568890523
2.892009492328855
2.972394187973027
3.1488247768174853
3.0206272323313734
3.4556909133053346
3.073881071905316
3.1107683420059744
2.9677869644544077
2.7888396163983526
3.245673553477302
2.841975686461703
3.24982665711307
2.9429017246153295
3.55599937000353
2.9070470997307543
2.933580045609858
3.2151889750103444
3.0281488915370067
2.990190947355511
3.0500367189659334
2.9645912580808798
3.5376392736848943
3.0229393477758872
3.1015286933231763
2.8131061584022454
3.2220681152309476
3.1579414598402415
3.163087092618328
3.146183348088285
2.987785102912573
3.0863857630016005
3.209344527742732
3.081896359543934
3.730798437696837
3.199843065968549
2.9561699221739572
3.087302761441929
2.8793731685796744
2.9884974649792655
3.01157617762524
3.1337245798307785
2.805777196740635
2.909408864853439
3.1018626868136714
2.996356716582691
2.9722885843392923
2.875549567034717
3.1480046001429787
3.0974773978388144
2.9961798091719167
2.9836237799371026
3.199706673169394
3.07964338084979
2.787614153043547
3.1171487712694876
3.2605861398591824
3.076933534483631
2.9335063540304596
2.9094119382529247
3.0034696235185523
3.0861281290375797
3.2807306117343447
2.9033993161578002
3.0175165942276556
3.3737645436132464
3.1154946921306093
2.9106989657430606
2.940249569474434
3.075628783533496
3.0719331255764613
2.997896907382932
3.0382494373672224
2.8239884154730803
2.8760328310591876
2.9583728445135464
2.934155220614645
3.042600298914739
3.108903263655738
3.1412616598325096
2.9226757540916766
3.064843779171522
3.0986409244545197
2.965066607613643
3.104659674700774
3.124951524637336
2.907345855035047
3.243289515426567
2.9411929710013265
2.938280968795283
3.0897856409947777
2.996202630279175
3.0506158589244685
3.3670796868234296
2.908819759889408
4.326225075394877
3.032769274172643
3.201877054689455
2.8156238770632473
3.0837091379847155
3.0595201282522115
2.8493939960237475
2.996838409302426
3.1667893158688893
3.018285516200599
3.0362205414886816
2.9129537431429395
2.9403698382889347
2.9302179264263195
2.875072232778364
3.3661335508905688
2.906782342141934
3.1578226108972687
2.7930401314929147
2.9899894012261203
3.129648101945334
2.91376693177553
2.903168508112498
3.040567776140901
3.026512204816163
3.0902149288236043
2.7855458056202633
2.951575345592352
2.9647919902725928
3.0419341727165863
3.2180102166813263
2.890433988482919
2.9458889271006594
2.896551070106657
3.193475873457154
3.141162728195417
2.9029903659705947
3.2420457040337713
2.952861262544045
2.784059894407763
3.111881924970254
3.007212542094775
3.0513994630892523
3.0953199029156333
3.139124293180488
3.211657120386871
3.1501939638015113
2.7744119638865743
2.851675007040298
3.02568105039091
3.294923700781393
3.0050141115429088
3.026239079574896
2.8317323593510344
3.197608862662923
3.7365052500650533
3.1980664301383124
2.9693919650823766
2.974672115649843
3.050248687599359
3.088622534866168
3.1171137985265003
2.7629605222082807
3.1159824078186045
3.189993054934896
3.1146563471108606
3.1555340126097353
3.079348476252689
2.85681851022316
3.0587024551192954
2.8588621926830378
3.350533274702048
3.041279886337373
3.1365916842489794
3.1130193436150706
3.1318645897733686
3.2185651099487522
3.340833995205233
2.884399342720927
2.8833322256625125
2.804003100894079
3.012403098427176
3.1961189711286244
3.196758442405109
3.055933129946645
2.781283314450326
3.0253441888358026
3.3952700015519026
3.0510644496038184
3.0424260859136503
3.1118521672327515
2.8679573700138588
2.8525528601311847
3.095425099237528
3.0250116245134473
2.948006424327036
3.4231704789858277
2.908027076869888
3.031718729179701
3.1649177364179195
3.303434845643896
3.0570165352628584
3.1000650636528286
3.292083310595308
3.040728831783745
3.0165461474126047
3.204741638148696
3.3613613255189057
3.06877730793672
3.1664895394322365
3.169422143764669
3.622286290722214
3.101383004532185
3.2306442152457255
3.1759639487135094
3.1981390444312616
3.0890413827571357
2.9356008512620164
3.090422440979137
2.861029124465141
3.3385632510311725
3.0221719032979353
2.894994684567996
3.077840834605461
2.918732973578321
2.8773014479402677
2.9984939106211677
2.946696192877285
2.7906265699307164
2.9848473765628087
3.0223586465507877
3.068805690149448
2.9107682512325126
2.9712655178037424
3.162216930540682
3.1425307887200753
3.3962930060258976
3.226948009096464
3.4405029373829867
2.9959691837265443
2.77273156509347
3.158941017308209
3.0995087037436404
3.135483247281227
3.043156147499901
3.0800885871994934
2.880964396665112
3.0031236899313525
3.3012822744543664
3.295678448240418
3.3078709046138806
2.9454091952632817
2.969424783636531
2.9291256424586076
3.4199543848256044
3.089102902734354
3.014938877535238
2.7128402179299593
2.9404561298069676
3.0516043373509256
3.160753222393272
3.138028962357983
2.9902093952517155
2.903217089215887
3.203126758561927
3.1473365246556027
3.133867832956636
3.0852719488703273
3.185912590536553
2.8200280558106656
3.2201322461327466
3.0442080550165387
3.2411275005591547
3.9375729457055186
3.3078620926352995
2.86805226646898
3.155495198759431
2.873071456834177
3.001284551384968
2.875600247968393
2.9145648190260465
3.032659356406951
2.8969852421114624
3.4209106989799545
2.9462050084466473
3.2325545432279257
3.277423181415731
3.3107659842960673
3.0139338177301513
3.074689665451551
2.9594388101901545
2.8988332611367706
2.9442510576906704
2.957409959079474
2.810227486728752
2.8884974676616313
2.846698088275467
3.1804417047870595
4.846771727540525
2.99360626421334
3.145194737207738
3.076370683539523
2.998027276259234
3.1078759501232653
3.228135654878686
2.9505024163857625
2.9267163384726094
3.222642684093141
3.2951777459042906
3.1877662004882716
3.246506380410521
3.1829782875464376
3.025795798151266
3.132677406648914
3.040174880765124
2.9869718692397145
3.260114216306832
2.817303965316991
2.9646958400301515
2.9290938764131687
3.0724493191330673
3.2285921960118107
2.879303232869196
3.080809246898121
3.2029231125700766
3.1727241862692837
3.234062642140813
3.0586074400331995
3.1086107660228812
3.0956083693838363
3.1201254937989233
2.8697989342323065
2.8111565708242705
3.028604800572789
3.133636587823029
2.883991222137262
3.0952740349640764
3.0782233816519002
3.038305936404518
3.1182488197744784
2.9849064671555396
2.988504577766129
2.799683039674991
3.101910261796937
2.835395707323097
2.9870837516431834
4.458952906149551
3.006412984294421
2.892857514169772
2.8760317797102357
3.337592889190996
2.991867148808439
2.90940484975647
3.1989589658245143
3.0472745034174546
3.6104484060097364
3.044184914935757
3.228691520988445
3.023339389101081
3.008176349424548
2.891319909797844
3.0280839877238064
2.711025822558524
3.10603122459447
2.9921871930428834
3.2078650668461384
3.0051894496762954
3.211758133885224
3.1248565263401344
3.0847874899537073
3.2118861998677826
2.9959490823687265
3.0897059200090067
2.9535946680446425
3.1208939368627644
3.050167147086385
2.670982301349406
2.9292081860744945
3.093399806598791
3.054484224218879
3.12128705051804
3.0293651280650864
2.950536084986624
2.9093717532896877
2.7624440644951074
3.261504538415772
2.8453578149581564
3.000870579995606
3.3306995711538674
3.1195838844654356
2.9518116728803365
3.182178379967799
3.1837293044896757
2.8555414190222996
3.0453860954156173
2.949959154161378
3.0944404531014564
3.3087173860512005
3.20923075886597
3.1393697044125233
2.990388207293494
3.983055739567922
2.8805877181001516
2.9877825102693287
3.1251779860133437
3.0656651167483497
3.08774172590648
2.9158508249863164
2.918638623612
2.69145629498885
3.096221396896097
2.8581397714055425
3.0378968106190394
3.334478872720349
2.9282823113753498
3.3219087347408722
3.178960043848281
3.09046692448091
3.0852992686958536
3.269677202499496
2.9588546248409098
3.452599286605254
3.8320560467072093
3.159921381998918
2.8928479678917283
2.7983273753906883
3.2307954637002045
3.0304240066170713
2.882199739061361
2.961977343785851
3.1508315870591934
3.1950167492443735
3.545813768975941
3.3162603752356232
2.9347515454172752
4.033581213149148
2.9359272280478126
3.2117804434560733
2.9313273123369354
3.1535527830783243
2.8815032385467303
3.146626841017282
3.0938283070412416
3.0344456537421705
3.347462923124401
4.916809103632166
3.0299226797479895
3.1188467461021707
3.0705402263302664
3.0682179210193765
3.2620427216095726
3.3843665303355954
3.4752380341541893
3.014803521519673
2.9655982934256624
3.0901029987872453
2.922957111156114
2.817211140358643
3.2095545912960017
2.9550985897660413
2.9947234115424783
2.79925175505318
3.176634946121566
2.9582091286795724
3.112248039148553
2.913401943293104
2.811017544767501
2.954430870670687
3.1039831038774692
3.088635657570331
3.0269473687975403
3.1487459571979715
3.122044765835952
2.8741054747967447
3.2273674603171414
3.08196193119315
3.086498656354103
3.3334313324782876
2.795368736295316
3.01819204100729
2.898257520885961
2.9014019360435874
3.03417023528381
2.976221878169633
2.9476307840584406
3.2466423069470043
2.759844424502466
3.0116639999303128
2.9814984904687973
3.572567113867701
3.1726021550728998
3.298912618473972
2.9956073837063175
3.0839104490156677
3.134348923999453
3.1518117194690496
3.141659259683418
3.3985803930439933
2.88285286007788
3.0942266251210007
3.6438512195640365
3.0335793912151203
3.329768956203818
2.856819969692305
3.325398509850397
3.078863176480505
2.7142988751093435
2.730170122158794
2.836803177779176
2.8460851834145835
