3.5671824695148353
3.5681578310561624
3.5415256003979074
4.333569677337329
5.049169216350228
3.5844257509249977
3.572791826103933
3.58048175312679
3.6086594853562506
4.490634041067516
3.574183966528507
3.569591756443692
3.5734758296433315
3.792986430607094
3.6147561807691706
3.48882065774988
3.591248674300654
3.5860671274410643
3.612896620713007
3.546750315312933
3.7126609549837455
3.5871082039485622
3.5615203033170766
3.1200460284783085
3.559586447582319
3.7319603878347642
3.561924807754574
3.5697207645199707
3.96346592674101
3.7922036146003015
3.447558699627137
3.7415603113984446
3.459237329533194
3.4976147766297045
3.7483986752755647
3.749360154486253
3.757613555955673
3.5054415675913524
3.4490009988127652
3.523097339013455
3.7530342935603684
3.5149424620611236
3.4767689821852437
4.734747662959243
5.451888560162352
3.5755639288310177
4.757699133720937
3.7400920118488195
3.555779183884347
5.496605550335372
3.784799964514159
5.501056689332825
3.48080616874253
3.8166912389929877
3.561602848221147
3.765225078185571
4.009549101989632
3.844335646303314
3.825723110387574
3.733379864040581
5.528504381870538
3.660293983657143
5.830785558608121
4.537121647243368
3.7694817833664778
5.445326337303599
4.032709841380988
5.361413106371774
4.3164631112956515
3.5856449299929434
5.3861988446649365
3.727609840613758
5.2575574581636495
3.7452478211696647
4.415003326454445
3.7119265611949745
3.740469277209895
4.029970302582632
5.408595926462073
3.6006064681879875
3.8092443473981956
3.757448108969131
4.485532583914417
4.550346805627901
3.733079570103175
3.7731722205653373
3.571031989904238
4.178105784247385
3.757703397913172
5.441426944070315
3.7229702665598357
5.212411203762632
3.8077856131624315
5.206877065017022
3.8452175424131543
3.696021663392557
5.124546520422496
3.693686613775123
3.8795558635536023
3.6253211833087913
5.490623435368552
3.7134247126845152
3.289018707392227
4.5362533436622074
3.4273636364753224
3.9023738640439696
4.279668962237706
3.624426447932939
5.413490786875065
5.013716185015304
3.411037608745742
5.144180501929993
3.524299874903447
4.454434809542449
3.510337993062127
5.7892284636249585
3.591688441772771
5.703720269813715
3.555166614876409
3.5321898560917937
4.811761140226646
3.8027395277934026
4.804888620430023
3.8242242308132206
5.420494120247246
5.495865433401225
3.6804451965988734
3.717538354467979
4.697576631197015
5.440562753706511
4.1867141814773206
3.746120175688091
4.171462845871925
3.510340561833463
5.147161239796955
4.263705778263755
5.244824306491201
3.4727976875942286
5.193275992941057
4.558773755352431
3.6447366204511797
4.335067030096503
4.260912340140616
3.561467866076543
4.383809308732032
3.593408709520871
2.992883814510457
4.394307660358227
4.242053747787964
3.524501017687379
4.074909254760862
4.277122474582402
4.157540720463232
5.2612845738670915
4.599873564232623
5.394925282455879
3.520885656575826
3.7912322493093935
3.6375473674600904
3.347918890797128
4.589337828906835
3.6104462772567305
4.072939902659012
5.455265860996899
4.497524638764425
3.755861670646149
3.7848074904628928
6.031157839496941
3.7889251583470482
5.319900054506008
3.3893021026807215
3.522774986390674
3.8563413687393577
3.704604941559213
3.8487742652390846
4.244087259103703
3.3159370801153067
4.298592360743755
3.72450980054029
5.1216802734219185
4.228784362500854
4.24291425877919
4.923477994998932
3.5302406291940684
5.453730511762488
3.69781482478602
4.263842606468589
3.798193220437863
3.7414621641662102
3.783745265871731
3.7118676057483158
3.1481034954943823
3.8980770880295625
4.284895724546504
4.974885763906911
4.369385738270929
3.1308012314254534
4.131453003002199
3.4798805325988753
4.808289353473698
3.7493235385852675
3.446299781078858
4.604051479124006
5.7992424185956715
3.641500946929369
3.9249658071874207
4.468224079637175
3.8604252591506025
4.446823725294962
3.579210504404344
4.00013690238359
3.3985153894742512
3.706395537813858
3.099534074295615
3.1557694684174855
4.55241814021388
5.6239189619043115
3.128123083275535
5.367728341377931
3.5555578697389296
5.733958121588299
3.792424941042341
4.260390585805493
5.043913310979344
5.152241538028302
3.681624712988457
3.617461484547963
3.5310441065926828
4.462273988424118
4.804494002952805
3.326290093384827
5.681811799229344
4.647994710393395
3.8030731503739523
5.2117884757304465
3.8284128784291696
3.8735557133677676
4.663253953057928
4.975436918338058
5.701675668472684
5.531769827708714
4.346851780532689
5.049995862313463
5.596439854090282
3.481488522429858
4.36210407784003
3.7638310718213925
3.9785258689969587
4.100389708743315
4.81210866336869
5.097219239879855
3.492822618962507
5.715506094314441
3.484994904628071
3.6262194186851846
4.733896830766191
4.76411250966125
4.13051112456932
5.721537557430622
3.7250619411119614
3.715031001263171
3.474092084046983
4.7982034698775875
3.9595931393848574
4.299109061344283
3.0448485390899567
3.5564516845892187
3.7471000933373855
2.938510837284843
3.911706331832598
3.4134543447004906
3.5451886832140844
3.14164577002758
4.003146822319162
5.448001243618012
3.5254435221928477
3.4249465447528458
3.733897248841275
3.5850633271276684
5.076329813913145
3.7859548113878394
4.067443227775662
5.247823747318733
3.442989600948257
5.092934165965964
3.198671494619744
3.788003946150448
4.849989747571445
4.727263342053878
4.2804695713499035
4.216953264117303
4.2876126440913955
3.611238687967214
3.806776763357334
3.7232574902651763
3.7839053269774987
3.1970517859853245
5.565070824641104
3.7135356210365624
3.74565728312191
4.4227761270679995
4.047700700301011
3.166670586537046
4.003572834279666
4.687595150834071
3.6513365511277285
4.026671473820783
3.1742990698181273
6.106903517085896
3.1872405543371216
4.194269959173009
3.185261383838762
4.643374554749407
4.997585250386091
4.480587222576638
4.089962633010909
3.7431769725430057
3.8375648866275998
3.7235876090738897
3.8254224668404913
3.5706052545433047
5.8210354667783655
4.522147968363668
5.083504110732522
3.7512993325482036
5.440356387684456
3.2959039663749543
3.7893418425549377
5.367261616802814
5.363727614328332
3.800981726675829
5.019167077606411
3.475032087580928
4.926124724298735
4.9892706168116066
3.6702621305980805
3.7456639943942793
4.655661057270744
3.303820609701536
3.7397124071497765
5.627712997247936
5.297011543040507
4.9921379705506785
3.5681883710161557
4.939171670167724
6.095138183465836
4.098242151269815
3.698261477933278
4.283505187807937
4.655616305102588
5.296826129390555
5.306510316290791
5.6228038805358596
4.612161241125302
3.7904472056114806
3.8422041104895293
3.5555607454146565
3.8133655778889004
3.8167196035640507
5.866191022006656
3.730399678506442
3.81357405406205
3.6688314021931148
3.577947162103905
3.8504723118099835
2.961102270556013
5.3402525617757135
3.5898096140161257
5.0650073114989125
3.9749207386106167
3.5860409144290313
3.656987928290798
3.407690717096944
3.9023848685212754
6.670249205167427
3.752156823158799
4.392633962058825
4.270101394842985
5.471493657943914
3.8882313949115246
3.7968137050314303
5.0651515103498
5.2421241712767115
3.926563542789029
5.256293383362008
3.7962214666574554
4.312643091330755
4.477338638261372
5.221163693681136
3.966426131674075
3.5167872689555097
4.827668856305343
3.842538240136785
5.785308993063666
4.302277156972196
4.335042706340208
3.889995012358226
3.2801936722908995
4.650254845676414
3.449979575104661
5.277778955963792
5.099593324769702
3.7090933864024933
4.885308214900006
5.2334760084102205
3.46184897254507
4.320790410362715
3.466158639160381
4.022207221029445
3.8283768807334826
4.7341152721298005
5.799060972700855
4.38307098757668
3.7258902920950288
5.87420296169562
3.5985326956598205
3.5965015463974432
4.495314665498245
5.4427577040169375
5.647002280484251
3.4566508105894247
3.8374236239889417
3.726366236524657
3.6936309319700187
3.4164252242734534
3.465762413069869
5.139489015973097
3.66301853970827
3.6329560455831964
4.615051554720509
3.9196751764748563
3.6316076015231435
3.609122034973501
4.049190102814528
4.448966801567413
3.2148943184879015
5.209962415979001
3.5779684832100482
4.215878139003696
3.7836450485206203
3.848840840206656
5.402232481736863
4.776726705954466
3.019549089929432
3.3797425907773895
4.244089015120563
3.901948983968207
3.832381001081755
5.4208282680754385
3.4581310329633665
4.135111201621562
3.6111474767487697
5.43808399170435
3.748395155109506
4.549743864054311
4.719697416330718
4.7239625603905315
3.656022444683483
4.914440662243657
4.738875015567
6.0386826865752505
4.473423161888326
3.8966459641043367
3.921364646792885
3.9392186458771428
4.650795854599386
5.144025160692024
5.356373303675821
4.381250488682558
4.103409017732533
3.845194472043477
5.5197660583528885
3.668637648684109
3.5040200931965675
3.0987141078518863
4.673322269072944
3.3972478931840584
4.475746893707985
3.3223640498035945
4.526687675925051
4.093039424561167
3.7825370527828994
3.635323963525124
4.79999412104982
3.8679225454689043
5.804151547357009
3.2828778873986266
4.169515517916833
2.7969003957240015
3.8550871942879703
3.2702769281804387
3.565778389131807
5.366880746934449
4.754346217742278
4.797866643881466
4.483484959082058
5.702644969932833
4.563498773439748
5.712669793550369
4.871995375101352
3.59528434001071
4.680249880965675
3.7360542650301625
4.001078775507966
3.79200833705382
2.9702925989050346
3.093072507151014
3.7473852216896546
2.96537149736694
3.537477968172608
4.308487079424069
5.182899356857669
3.7109815502858576
5.469117763036453
3.4553224952740997
5.616903010856401
4.031331744081268
4.3179088871731794
3.610050041144335
3.6837596530379977
3.9497162712842546
5.042844155135536
4.288939208829716
3.156103028666429
4.979474291469238
3.45929969767923
3.9056661079333908
5.137363606134527
3.6575036238780307
5.285773174931822
3.500859804474451
3.181766458226727
4.549206213491223
5.024522518331691
3.2078788119781803
3.8671589673366125
5.879545285169148
3.3931835031627213
3.8428617269163765
3.8851473630232554
3.067167070346745
3.0663341340258428
3.068537837027106
3.9152767743802976
3.7031242135608338
3.7151580426907618
3.4080416177776773
4.853663316530845
4.131990009930145
3.680887469934976
4.805292054201936
4.200785917045951
6.902310232550928
5.090846494296591
3.3862002035776193
3.429323293672057
5.7661101711857405
3.595471234040653
4.054127763070351
3.3811194586455797
5.227404449654886
4.638294602527524
4.137855442474959
3.2281124146067834
4.345514596653282
5.533760360841302
3.947378630383485
4.11876533544597
3.8979335257660535
4.152393510135234
5.418848388502284
3.105213990295489
3.5973431807301495
3.9613794377880147
4.678835814030987
3.902714588805042
4.302297759821109
3.680533174542034
4.120659208611041
3.0705025211372994
3.8092339928942422
4.066579306090428
3.8830514278330672
3.5926532831123423
4.765701205290189
3.679632458911751
4.252846270918286
3.1886557354239815
3.535557194888265
6.6400157669677355
6.072354055483113
3.9388212583607047
3.7066024745109805
5.700469454420979
4.836582361230876
3.931803243622173
5.35504820366793
4.271371883307627
3.387413571096492
3.8598275193634457
3.3162498554979094
5.500253525180136
3.802214465686367
4.135736158074663
4.95970597002709
3.9969041998699026
4.266130295948886
4.552746103238043
3.1857063992940993
3.298462998430922
4.573695124211331
3.9116870107683233
3.6006507211744148
3.8440213303536246
3.6759323179080905
2.8640105530916493
5.375404750167429
2.9864061818522463
3.828279942088502
4.474308341028395
3.3776979837774737
4.313966234186701
4.126144130515665
3.508467195912226
3.5303384798938775
4.712732254174187
4.538385275090902
3.650492982724367
3.4752600629227515
4.259630214151944
4.408538331042528
3.428577961750696
3.532856897432989
5.299473522395744
3.191632852709438
5.04867905718499
3.541763842628209
4.15435505027971
3.8931716416927706
3.912868088628555
3.4960960285199256
4.180709633691717
4.217630155269205
4.887385407380985
3.1220153704661677
4.555949327122438
5.78721718281345
4.440403177558958
4.671064049248582
3.884946687266248
3.504601938602933
3.3094810597703828
3.8100914759342466
4.154013121366024
4.175542602373336
4.112848158225677
4.353195397532629
4.083123615378789
4.296147365220385
5.170764192373032
4.119630307236348
3.507776995479393
5.530362118931346
4.995738006864894
3.7389973983776668
3.2447475825249104
4.301293604918135
4.219086487014233
4.40822855412926
5.254855655074931
3.8184186659515844
4.513406626507352
3.7830065548134146
3.797654916091371
6.000364500689752
3.896667864180948
4.092735970627506
2.7281065169429155
4.692482120515752
3.479669950879387
5.798021296754567
3.750398111345806
6.014384989942392
5.356185145988577
4.120017306516795
3.503471974545762
4.305207701817598
3.917844546367423
4.36642727483424
4.774436864578319
5.033930924952023
3.838201518396918
5.058174719020869
3.7496360581546355
3.1590865693024983
3.9289730560133873
4.277646556126694
3.5499526270441972
3.955722647480009
4.938409101135203
4.717893155502476
4.391208085510635
3.8455791349026573
4.196955638825152
4.0820158347600755
3.268046829267524
4.337330023648685
4.212322658749499
4.119521730195839
3.93331055359141
3.648088877548751
3.7448108936120406
4.266435561076694
4.087532342952046
2.885261984797704
3.488236250419258
4.513257540791212
3.8674234321958796
4.256330807777
5.317969858511272
5.858305224536687
3.496888990009476
4.535019249633586
4.075076129102559
4.045493099386085
3.3959771203422116
3.3535984822184717
4.942815596886855
4.36707360172757
5.152146231359755
5.574356943490024
5.404163186811636
4.539883444115797
3.3273272835134384
5.05201117675631
3.464565880038481
3.9133994808872417
3.3144254153779307
4.26593356350534
3.9551008444299978
3.892171345900723
3.4119236568751847
4.499329741624549
3.140652868837862
3.8940273026510845
4.111097162508385
3.7630839739481083
5.397946348874792
3.8228197956382233
4.115059270010795
3.459781688962537
3.59312969637935
4.24931664537031
3.740242951411427
3.5073433667636658
3.501051857374353
2.8810507670451684
3.993830608205414
4.231712525112299
4.060724448685495
3.169852635900314
4.30299618602968
5.457136279303424
3.749478461723489
3.774282224439793
3.6997703391213066
4.746601827223945
4.56372123374648
3.1889623474408455
4.745568582013554
3.7366002464280226
3.747279328778536
4.161307611594643
3.5796090246235237
5.453371437510746
6.238468189967274
4.2402942533954
5.6853833205949975
3.616823943201567
3.4257222218127374
5.122505234109779
5.206557627243247
3.672569819643145
3.087522337680378
4.054538894885674
3.9516401963527006
4.906316812686488
3.7975919392572055
2.8957608883867914
3.9076451603073092
3.9376339724831286
3.8287213073246895
5.08863084728788
4.295095119760592
3.4990348526753827
4.407287442372052
3.2306372470844242
5.875809454812654
4.5072518566882405
4.8084235853043085
3.496866616696264
3.61530852856084
