3.970959905352158
3.9695623382114404
3.946908020331763
4.164702470531051
4.363144853135017
3.9796274288424676
3.9969903580843464
3.9763886891014244
3.9783285027458106
3.9376913938493296
3.967138326720477
3.9703791429359767
3.9800008433173453
3.9529265696666456
4.00728452115812
3.953159307597497
4.0029386325404275
3.983810394279697
4.017580452348144
4.235805535239326
4.321335362206518
3.8991839230219085
4.245033945545589
4.192950309306936
4.03479385144524
4.3543467903107524
4.150845155806976
3.9615670747376686
3.9070289758133185
3.759668970045256
4.220788642474549
4.328974364594859
4.216453063436814
4.2595095898825415
4.387550466315579
4.35575568288242
4.3847246622226335
4.215155207510311
4.029823110730839
4.234850716843185
3.8850992621614644
4.132446337954666
4.198812318772451
4.275986671151531
4.035228671733363
3.991449868334861
4.260435744091091
4.410190614533706
4.2471094081684795
4.048424348024619
3.764284516748617
4.043329745476129
4.226216735830756
3.733845534661524
4.163443645727223
3.8858930539848218
4.235569968277302
3.765349448901015
3.685197409751794
4.380746887923405
4.073901553178614
4.032839963650276
3.9520153420781443
3.905145005503325
4.3850492904499125
4.047855510207565
4.360346687800433
3.788866501590718
3.71239199359036
3.988758814872679
3.793002980085532
4.356028061521378
4.196957564232311
4.3665128617974815
3.727293203965427
3.7303728904410094
3.8248792873904924
4.126641807957079
3.8131859346696744
4.258396981574557
3.7480826636680358
3.8172519518343577
4.088811387985667
3.8895692430447166
3.8345598416640647
3.779216932962727
4.0816218414546865
4.014206333408377
3.8389402723471293
4.1042875458514105
3.746329342079356
4.135417373330025
3.739930962078363
4.16409821450021
4.174858051899322
3.8487527548432894
3.8344707445498813
4.2988427479705145
3.712318904061812
3.9074298976514648
3.728665903395951
3.7454636598433315
3.7943422915803446
3.959861386763876
4.392535143381962
3.851660072525675
3.898207763907299
3.936478877795329
3.998923916007932
3.8229101208074145
3.955575645506625
3.851076831742123
4.151124705958772
4.014407612060417
4.175021789922696
3.9920981915433793
4.666575174872303
4.0215174513630885
4.23708959342729
4.543178183417394
4.359246886421203
3.8988139216127338
4.385546788186175
3.9220870961884926
3.8073312060207543
4.1576522564947105
3.935659361848604
3.820217545864534
4.6080166347194975
3.82533936689062
4.012230112999639
3.8442123987887413
4.484730016876956
4.321667735341928
4.122534531131115
4.352684423604091
4.045736609434692
3.9730273354374464
4.056805020456333
4.117947337845979
4.002043395524521
3.768639848257635
4.326549136753571
4.415199970103564
3.8140698763378644
4.3338286382940785
4.361708069759703
4.146914719218574
4.059012850496028
4.020411218979909
4.195385019474236
4.308644598425541
4.014762331820549
3.8279451935870203
3.882496461867147
3.749793728242485
3.9902881076597567
3.78296325571333
4.059927191378634
3.8673883883730595
4.101747484053929
3.6763998519386853
4.325961825500975
3.896530716230359
3.9699303504048835
4.389584913678895
3.8159990346921746
4.114059069298621
3.860027590663055
3.971465241246825
4.232410557346978
4.085239521027446
4.041533850518036
4.3803028629652445
3.702280806932727
4.071083756343186
4.209745938817808
4.065878636574744
4.29144007644187
3.8400954103064215
4.275995570214366
4.044572476725167
3.7641472792274087
4.182786695894823
4.007362967504844
4.527585472072919
4.097769374465135
4.4062269099127205
4.393828332228095
3.6554873426918526
3.706849139173596
3.9798540786433105
3.848267394264232
4.106105931093691
3.914532038039169
3.8496064273823265
4.119689184597885
3.994142141162399
4.177357934137246
3.8504080663638205
4.425845162544671
4.8037489816824275
4.315454989827238
4.1976843969865545
3.6682762588186155
4.462438388534266
3.9004930299176235
3.9249512335522443
3.954311136777639
4.642067832798369
3.7477085894695747
4.034763196049927
4.532438473758834
3.8790669692950543
3.992046260379521
3.936582974864726
4.051154019708856
4.089391903081709
4.036388828165353
4.308440661198355
4.178978478130255
4.214901449626853
4.721273073270215
4.166412437222772
3.7548522133897424
4.21445813058164
4.410037327689978
4.2662483771065185
3.9671995949235
4.350588295860292
4.0047577828256955
4.407949312576463
3.6844802112134047
4.217991372805604
3.9425316555656544
3.8303747554733327
3.8143903979289697
4.4470988493242904
4.491315178781502
4.028954065434281
3.752689132989533
4.156874551506715
3.9714108764104323
3.9986241616250067
4.29780056421181
4.038233432975489
4.010647388619067
4.079663530223368
3.9850012671994883
3.8383053764721535
3.8411085703727124
4.417920342236096
4.116997101137726
4.289435690382362
4.3592983248406805
4.002176755950626
4.435317673882441
4.36552333203201
4.112421228830189
4.195467281264043
4.076615420432187
4.083573870552402
3.678249139042359
4.070368210747726
4.017049427117559
4.3555858936672625
4.006062299434906
4.359270052266931
4.248519958180947
3.660566388322047
4.297033475333417
4.3951438574618225
4.14352183733848
4.248748616638309
4.002945604892029
4.3497354313345715
4.067400701198405
4.37411625827952
4.118766044897075
3.7907209558447263
3.9516915007189266
4.100066907947401
4.166521712171787
4.131003299323608
4.1926427543022875
3.9882012936118634
4.63692791052031
4.099390172173192
4.001449859351598
3.9291884461664126
4.067578024391401
4.193606321982945
4.295253167798141
4.156842969107749
3.9709848476720495
4.362354038045858
4.351741317949535
4.126772868840061
3.707045336311154
4.04627595286025
3.718278316781088
4.31880791977415
4.042080672113298
3.7965448364206886
3.6983223167242443
4.2016246382350175
4.302190489256405
3.905450172648202
4.231129199148624
4.285155285291915
4.46090686490687
4.354347198194513
3.8478674130081174
3.9663901374467136
4.20708649342782
4.11994146197038
4.623975575664347
4.1429453678089905
4.131391879795687
4.075389545987625
4.622463021554592
4.011096494332506
4.259204778046569
3.643165583575073
3.8480673047032496
4.067152432843545
4.083012763467845
4.12438594552637
4.0509680439539375
3.7865281386433516
4.486765636675819
4.193203659229481
3.955306897836941
4.223136926464254
4.162991320972078
4.4879876204410785
4.0285595729238715
4.235759967940484
4.055710242106095
4.041292402608921
3.802988134003171
3.8804622596538905
3.6122037419306667
4.255992129843629
4.267833316771525
4.222788764545586
4.528539046294223
4.763119198220341
4.517805225379991
4.201696326672273
4.25743317469485
4.279329223883869
4.05167980836548
3.9255522693084175
3.902673532790091
4.007689866170707
3.9789435122520858
4.074373442203321
4.159796211020358
4.319047270316092
3.997616194175768
4.28530325324942
4.130714491716482
4.1094963936641475
4.034652855787864
4.231656055248888
4.021694398391971
3.96478693883763
4.165551958583721
4.211579597939738
4.266921981162418
4.467663774009874
3.7947004813367062
4.096647101930852
4.53771925199669
3.8209848459658473
3.672593972536262
4.575249823794821
3.851473502804795
4.201742283686489
4.555571511406042
4.32461578160745
3.8043713004889317
4.360245457272016
3.833710487675585
3.9259630538416785
4.059710988502798
4.304222463610722
4.1493098491001765
4.298053445862666
4.818065703027649
4.476827754819794
4.033544208362245
3.9248330339268995
4.105224371391903
3.944258432720616
3.774735767464415
4.178391694796615
4.348562758053498
4.489726109394722
3.9891054838133186
4.265592915686802
4.319978431681716
4.494463799773559
4.299358281113437
4.181135206467819
3.87907988084959
3.8116532363181364
4.563994348723246
4.311355072255568
3.983032933326756
4.296240029071328
3.9959093630947904
3.9804082326679215
3.7637529842595363
4.471812727610896
3.7821703160867357
3.6332722271403433
4.236026031133734
4.521086783832863
4.216598205533206
4.208542493436457
4.307998194779333
4.514070157130634
4.39223495075824
3.817584196648909
4.401647836622156
4.060161482568797
4.170946800780648
4.248234461901674
4.67378419449341
4.419039255028363
3.9329738004265593
4.020504628675049
3.92927922128773
4.507610361530719
3.7314388101858427
4.208737803657729
4.370975926847001
4.5706502220594984
4.44615375312124
4.069814277219773
4.2342702952546905
4.321071901464443
5.409401575680619
4.573596518550856
4.475711373051869
4.155943840731802
3.7854684689075166
4.2396525173900175
4.050145236453642
4.499530758535147
4.068084855320673
4.094621219206371
3.9816309693210337
3.869936221064392
3.995019095214394
4.43849233537588
3.901371147495323
4.1491502585054745
4.168187499318898
3.735923260335131
4.074634075148938
3.6035002044417035
4.216891150317535
3.790203308200404
4.527457264541044
3.7911099085152244
4.00502150275432
4.067931469331129
4.06054781091299
3.7903176592787737
4.41505659444987
3.800070630250968
4.307176143345195
3.9069942348998126
4.326440098438824
3.862229896426424
4.0655429492614035
4.0346066170267
4.460764800811962
4.3643427839017255
4.221053533823676
4.10208064409982
3.950268870839017
4.621582250001063
4.289003160492851
3.837422839252222
4.266165333581754
4.072585043438919
3.999105113035334
3.816398763263211
3.9534425623404794
3.80816840596939
4.308022528702359
4.359721076001784
3.998900198251135
3.876956358142802
3.8326872192542196
4.052159871434654
3.9764768428011075
3.881674775688733
4.144094206086669
3.924853113454865
4.1400033102334275
4.0511169953418324
4.090972838462382
4.407799270157746
4.02173971135688
3.9617159194037974
4.121444723644255
4.338743367275235
4.235355635834888
4.28045109234553
4.508730710165215
3.964006071946887
4.294364089086202
4.5076828261974535
4.034272051238829
4.006599268113775
3.8843851708176675
4.096858042895437
4.030182034667089
4.347442285953553
4.140651318571728
4.375756427759885
4.177961509349888
4.052148432016099
4.014792836522111
4.676479676938315
4.406265578345603
4.0467634015754745
3.7582017225445092
4.27453801883243
3.8283550403442326
4.587277954826416
4.047042291019647
4.23532318379158
3.946912248659109
4.541348611703256
4.2096967386013375
4.209816874376917
4.210395534737878
4.460418182805221
3.8695392943721725
4.077441893635951
4.153487865161918
4.4039062951278085
4.301135777801044
4.288806295974731
3.928603654244467
4.526912416411382
4.213609367682396
4.417006853775479
4.688031199829282
4.341506385585965
3.919606083973965
3.832615988905385
4.422006097466236
4.371758878934382
4.045762923361266
3.8245562880151454
3.881928430916212
4.0851461913570075
4.01799763559913
3.896960092070225
4.347710076204854
4.389326975589628
5.289296657351324
3.9705483561075
4.133050426727524
4.206655282571957
4.29864374667124
4.075119769231152
4.19557908409199
3.973489614277893
4.277392283443088
4.554816641789283
4.080313010322801
4.2923880676631
4.3881437710411655
4.259043917158689
4.246047251315164
4.751493861695517
4.473874278748991
4.330710124013955
4.184998316011149
4.453737124112677
4.613170297125516
4.184343072651839
3.7074249803057775
4.167858317897316
4.303706942828732
4.474378333749546
4.264447120058161
4.196185052626906
3.7667340199933093
4.450592062889434
4.1638224172014775
4.578978484430136
5.0640888013619705
4.02987923422232
4.10481133269115
4.180287655915985
3.8757742775393296
3.961772552693841
4.189162012047835
3.860864449143468
4.327673392189975
4.039442639373142
4.10126915030206
4.266559164486934
3.8350578992055886
4.111106320665578
3.988707153038321
4.13562537920312
4.289699867442407
4.66717320417185
4.035365580336403
4.093640986666498
4.147429388841269
4.111175290014654
3.628067558024322
4.298130240802373
3.9698446281997435
4.2850060409648
3.9297372744887986
4.039918924046989
4.051979342713105
4.2521761668453175
4.072541492523807
4.125757690065536
4.642351689626142
3.6586268645444235
3.9621229830312963
4.336269595885322
4.359594714268578
4.114121166248651
4.26662540790824
4.6272106784200515
4.205459411153032
4.339792721601129
3.9881051104070715
3.9832298549185077
4.22998665061255
4.105468171323723
4.597345018943147
4.00595674612134
4.492905042304055
4.211957219176517
4.442495744127495
4.096581485614796
4.49121402287038
3.826873438152368
3.886360915296148
3.8739811582854817
4.2799978024879355
4.129718586528488
3.8385099712800432
4.208958191443992
3.8530742614614604
3.945020257906549
4.503824557575722
4.039043262959359
4.433379842261093
4.065314684970758
4.15416554552066
4.36597133136421
4.429339433573988
3.759644996800747
4.1842882855133405
3.7554773179865695
4.730086965445023
4.488653001304207
4.28156068985404
4.081341656882167
4.132056340803846
4.360583557793443
4.063620066928288
4.086137266114508
4.600084502728517
3.9231663425678995
3.7856739053184953
3.755365860159785
3.800477759556441
4.6860063381369415
4.1150917506100315
4.57245054183369
3.7444022407930486
4.2117913264724365
4.136227823098889
4.240230691140552
3.9059071414961757
4.49941428900775
4.6268250207111725
4.688667933867431
3.9575260902635265
4.01701967209782
4.193322835677727
3.9018108466114305
3.8765196100064716
4.452363721718006
4.353968454575823
4.9929262043383185
4.053943898656798
3.9179629957118056
4.32943908930251
3.8383766296918345
3.8840776830930257
4.72919353890894
4.3781972517931305
4.206538439820345
4.0194766616067605
3.87281903534647
5.61246741675107
4.263623684465196
4.563837479708063
4.652908305892612
4.027778820351618
3.936299330191788
4.789809049638445
4.433224432323312
4.2645620580194405
4.018543595381153
3.8930904249391642
4.14775287677102
4.193664638827901
3.788721466492197
4.322332265118344
4.490059072079425
4.174173101460828
4.241764610980533
4.606190311482865
4.1913104314239895
4.304919458812663
4.314174981026576
4.037085902521494
4.385299099408853
3.895935284766798
4.155661882299521
3.829013832229979
3.8459599870544685
3.9463731782404774
4.000869580291193
3.9477692714903565
3.9813092907226406
4.67526458006341
4.177788214312824
4.215932308145137
4.491383611326882
3.936315943249482
4.135318786921952
4.972915147535002
4.0552753828547745
4.064904351569383
4.405419830269203
4.307326302951339
4.464084326966954
4.642266862942393
4.640906589294491
4.269391116891353
4.1657878960696895
3.9590048934219872
3.7249593702643167
4.215768366193383
3.9103638646965018
4.4177919820969125
4.121175147610866
4.579662059093467
4.214799323593925
3.748107664017047
3.9826120271786016
4.104682806041619
4.3487660264981765
4.1521362745087345
4.7817991827925885
4.549577482464693
4.380539783038432
4.2460780189032645
4.012080290509782
4.230857162640432
4.03874097777138
4.107344665572639
4.458727701766421
4.00815047136578
4.02216804911649
4.153010391603899
4.155185558814513
4.821106757944748
4.076842989637478
4.377096176586128
4.070343229681376
3.778127629970898
4.214733730558433
3.901267141576055
4.263723465202377
4.073421078888043
4.052628913183553
4.419614329827034
4.241675448225454
4.379538397152556
4.946365187742625
