-13513.158
-13513.124
-13513.117
-13513.106
-13513.093
-13513.078
-13513.076
-13513.074
-13513.069
-13513.060
-13513.016
-13512.958
-13512.931
-13512.918
-13512.902
-13512.866
-13512.841
-13512.800
-13512.783
-13512.782
-13512.776
-13512.758
-13512.756
-13512.755
-13512.746
-13512.743
-13512.742
-13512.739
-13512.727
-13512.710
-13512.708
-13512.707
-13512.658
-13512.639
-13512.634
-13512.580
-13512.569
-13512.564
-13512.539
-13512.538
-13512.535
-13512.511
-13512.496
-13512.483
-13512.480
-13512.478
-13512.461
-13512.439
-13512.428
-13512.426
-13512.377
-13512.362
-13512.346
-13512.338
-13512.336
-13512.329
-13512.327
-13512.310
-13512.298
-13512.295
-13512.291
-13512.289
-13512.279
-13512.278
-13512.277
-13512.271
-13512.257
-13512.253
-13512.242
-13512.239
-13512.238
-13512.232
-13512.231
-13512.223
-13512.207
-13512.200
-13512.187
-13512.176
-13512.169
-13512.167
-13512.157
-13512.152
-13512.139
-13512.136
-13512.135
-13512.128
-13512.125
-13512.117
-13512.114
-13512.113
-13512.094
-13512.092
-13512.083
-13512.063
-13512.062
-13512.049
-13512.046
-13512.045
-13512.037
-13512.029
-13512.028
-13512.025
-13512.024
-13512.015
-13512.010
-13512.003
-13511.994
-13511.971
-13511.967
-13511.956
-13511.949
-13511.945
-13511.941
-13511.936
-13511.934
-13511.929
-13511.925
-13511.923
-13511.917
-13511.907
-13511.902
-13511.900
-13511.899
-13511.895
-13511.888
-13511.880
-13511.876
-13511.865
-13511.863
-13511.861
-13511.860
-13511.847
-13511.841
-13511.838
-13511.834
-13511.829
-13511.826
-13511.824
-13511.821
-13511.819
-13511.813
-13511.806
-13511.801
-13511.797
-13511.796
-13511.795
-13511.782
-13511.780
-13511.769
-13511.763
-13511.761
-13511.760
-13511.749
-13511.735
-13511.732
-13511.717
-13511.716
-13511.703
-13511.694
-13511.683
-13511.659
-13511.656
-13511.654
-13511.650
-13511.647
-13511.645
-13511.616
-13511.592
-13511.577
-13511.570
-13511.566
-13511.565
-13511.563
-13511.562
-13511.557
-13511.541
-13511.540
-13511.534
-13511.533
-13511.530
-13511.529
-13511.523
-13511.522
-13511.518
-13511.516
-13511.515
-13511.509
-13511.508
-13511.489
-13511.487
-13511.486
-13511.484
-13511.475
-13511.474
-13511.464
-13511.462
-13511.457
-13511.451
-13511.447
-13511.435
-13511.427
-13511.420
-13511.419
-13511.412
-13511.409
-13511.408
-13511.404
-13511.403
-13511.402
-13511.401
-13511.392
-13511.391
-13511.382
-13511.379
-13511.378
-13511.377
-13511.368
-13511.367
-13511.358
-13511.352
-13511.347
-13511.345
-13511.341
-13511.331
-13511.323
-13511.317
-13511.314
-13511.312
-13511.310
-13511.301
-13511.298
-13511.295
-13511.274
-13511.271
-13511.262
-13511.257
-13511.249
-13511.248
-13511.245
-13511.237
-13511.231
-13511.219
-13511.218
-13511.215
-13511.213
-13511.199
-13511.190
-13511.185
-13511.184
-13511.183
-13511.176
-13511.172
-13511.165
-13511.155
-13511.153
-13511.142
-13511.141
-13511.139
-13511.136
-13511.128
-13511.127
-13511.126
-13511.124
-13511.121
-13511.113
-13511.112
-13511.110
-13511.101
-13511.100
-13511.097
-13511.096
-13511.088
-13511.086
-13511.085
-13511.083
-13511.077
-13511.074
-13511.072
-13511.070
-13511.069
-13511.067
-13511.065
-13511.055
-13511.051
-13511.050
-13511.038
-13511.036
-13511.030
-13511.029
-13511.024
-13511.020
-13511.015
-13511.012
-13511.011
-13511.008
-13511.004
-13510.984
-13510.983
-13510.981
-13510.978
-13510.974
-13510.973
-13510.971
-13510.970
-13510.963
-13510.962
-13510.946
-13510.942
-13510.941
-13510.938
-13510.935
-13510.934
-13510.930
-13510.929
-13510.928
-13510.923
-13510.922
-13510.920
-13510.917
-13510.913
-13510.911
-13510.910
-13510.904
-13510.902
-13510.901
-13510.893
-13510.891
-13510.888
-13510.887
-13510.885
-13510.883
-13510.880
-13510.879
-13510.878
-13510.877
-13510.873
-13510.869
-13510.866
-13510.863
-13510.862
-13510.858
-13510.857
-13510.854
-13510.846
-13510.845
-13510.844
-13510.833
-13510.828
-13510.823
-13510.817
-13510.813
-13510.812
-13510.810
-13510.789
-13510.786
-13510.784
-13510.783
-13510.782
-13510.781
-13510.775
-13510.774
-13510.773
-13510.767
-13510.759
-13510.758
-13510.757
-13510.752
-13510.749
-13510.737
-13510.733
-13510.732
-13510.730
-13510.727
-13510.721
-13510.720
-13510.714
-13510.710
-13510.708
-13510.706
-13510.705
-13510.702
-13510.699
-13510.693
-13510.692
-13510.684
-13510.683
-13510.682
-13510.675
-13510.668
-13510.667
-13510.656
-13510.653
-13510.650
-13510.649
-13510.648
-13510.647
-13510.644
-13510.643
-13510.642
-13510.640
-13510.633
-13510.629
-13510.622
-13510.618
-13510.616
-13510.615
-13510.613
-13510.611
-13510.608
-13510.605
-13510.603
-13510.596
-13510.595
-13510.594
-13510.591
-13510.582
-13510.580
-13510.579
-13510.574
-13510.571
-13510.568
-13510.563
-13510.557
-13510.556
-13510.538
-13510.536
-13510.535
-13510.534
-13510.533
-13510.528
-13510.527
-13510.525
-13510.519
-13510.517
-13510.511
-13510.510
-13510.497
-13510.495
-13510.494
-13510.491
-13510.487
-13510.484
-13510.480
-13510.476
-13510.471
-13510.469
-13510.468
-13510.465
-13510.463
-13510.457
-13510.453
-13510.448
-13510.440
-13510.438
-13510.436
-13510.429
-13510.428
-13510.427
-13510.426
-13510.422
-13510.416
-13510.414
-13510.409
-13510.408
-13510.404
-13510.401
-13510.399
-13510.398
-13510.391
-13510.389
-13510.388
-13510.386
-13510.385
-13510.381
-13510.379
-13510.378
-13510.370
-13510.369
-13510.365
-13510.362
-13510.359
-13510.357
-13510.356
-13510.353
-13510.349
-13510.348
-13510.347
-13510.344
-13510.340
-13510.339
-13510.338
-13510.334
-13510.333
-13510.323
-13510.322
-13510.321
-13510.319
-13510.318
-13510.316
-13510.314
-13510.312
-13510.302
-13510.297
-13510.295
-13510.293
-13510.292
-13510.288
-13510.287
-13510.286
-13510.285
-13510.274
-13510.270
-13510.267
-13510.261
-13510.258
-13510.256
-13510.253
-13510.250
-13510.249
-13510.245
-13510.242
-13510.240
-13510.238
-13510.237
-13510.228
-13510.226
-13510.224
-13510.222
-13510.214
-13510.213
-13510.212
-13510.210
-13510.206
-13510.204
-13510.203
-13510.202
-13510.199
-13510.195
-13510.194
-13510.191
-13510.185
-13510.184
-13510.180
-13510.179
-13510.172
-13510.171
-13510.163
-13510.162
-13510.152
-13510.150
-13510.147
-13510.146
-13510.145
-13510.141
-13510.137
-13510.136
-13510.133
-13510.123
-13510.121
-13510.116
-13510.114
-13510.111
-13510.104
-13510.098
-13510.096
-13510.094
-13510.092
-13510.091
-13510.090
-13510.089
-13510.088
-13510.086
-13510.085
-13510.084
-13510.083
-13510.082
-13510.070
-13510.068
-13510.067
-13510.066
-13510.065
-13510.064
-13510.059
-13510.056
-13510.042
-13510.040
-13510.038
-13510.037
-13510.036
-13510.034
-13510.033
-13510.016
-13510.014
-13510.013
-13510.008
-13510.007
-13510.005
-13510.002
-13510.001
-13509.997
-13509.995
-13509.993
-13509.990
-13509.989
-13509.987
-13509.986
-13509.984
-13509.981
-13509.978
-13509.977
-13509.976
-13509.972
-13509.971
-13509.963
-13509.959
-13509.952
-13509.951
-13509.948
-13509.946
-13509.945
-13509.937
-13509.934
-13509.931
-13509.930
-13509.927
-13509.925
-13509.924
-13509.921
-13509.918
-13509.909
-13509.904
-13509.903
-13509.901
-13509.897
-13509.895
-13509.893
-13509.884
-13509.883
-13509.878
-13509.874
-13509.872
-13509.871
-13509.870
-13509.866
-13509.864
-13509.858
-13509.853
-13509.842
-13509.839
-13509.838
-13509.836
-13509.832
-13509.827
-13509.826
-13509.822
-13509.821
-13509.818
-13509.812
-13509.811
-13509.808
-13509.807
-13509.805
-13509.801
-13509.790
-13509.788
-13509.787
-13509.785
-13509.783
-13509.779
-13509.776
-13509.774
-13509.765
-13509.764
-13509.756
-13509.752
-13509.751
-13509.744
-13509.740
-13509.737
-13509.733
-13509.730
-13509.727
-13509.722
-13509.719
-13509.716
-13509.708
-13509.707
-13509.705
-13509.698
-13509.697
-13509.695
-13509.694
-13509.693
-13509.688
-13509.683
-13509.681
-13509.680
-13509.676
-13509.671
-13509.669
-13509.661
-13509.660
-13509.656
-13509.652
-13509.651
-13509.649
-13509.647
-13509.637
-13509.636
-13509.635
-13509.634
-13509.633
-13509.632
-13509.631
-13509.629
-13509.628
-13509.627
-13509.626
-13509.622
-13509.620
-13509.617
-13509.616
-13509.614
-13509.612
-13509.609
-13509.601
-13509.598
-13509.593
-13509.591
-13509.589
-13509.587
-13509.582
-13509.580
-13509.576
-13509.573
-13509.572
-13509.569
-13509.565
-13509.563
-13509.558
-13509.557
-13509.554
-13509.550
-13509.546
-13509.544
-13509.541
-13509.540
-13509.536
-13509.531
-13509.530
-13509.529
-13509.526
-13509.522
-13509.520
-13509.517
-13509.514
-13509.513
-13509.511
-13509.508
-13509.503
-13509.502
-13509.498
-13509.495
-13509.490
-13509.488
-13509.484
-13509.481
-13509.480
-13509.477
-13509.474
-13509.460
-13509.455
-13509.454
-13509.451
-13509.449
-13509.448
-13509.446
-13509.444
-13509.441
-13509.440
-13509.437
-13509.435
-13509.433
-13509.430
-13509.428
-13509.426
-13509.425
-13509.424
-13509.422
-13509.418
-13509.417
-13509.413
-13509.410
-13509.409
-13509.396
-13509.394
-13509.392
-13509.391
-13509.388
-13509.387
-13509.386
-13509.384
-13509.381
-13509.378
-13509.377
-13509.374
-13509.373
-13509.368
-13509.365
-13509.362
-13509.361
-13509.360
-13509.358
-13509.357
-13509.354
-13509.352
-13509.348
-13509.347
-13509.343
-13509.341
-13509.340
-13509.336
-13509.331
-13509.330
-13509.329
-13509.328
-13509.323
-13509.322
-13509.320
-13509.317
-13509.315
-13509.314
-13509.312
-13509.311
-13509.305
-13509.302
-13509.299
-13509.293
-13509.292
-13509.288
-13509.285
-13509.272
-13509.271
-13509.270
-13509.268
-13509.266
-13509.265
-13509.262
-13509.258
-13509.251
-13509.247
-13509.246
-13509.245
-13509.243
-13509.242
-13509.239
-13509.237
-13509.236
-13509.233
-13509.230
-13509.227
-13509.223
-13509.222
-13509.216
-13509.214
-13509.207
-13509.204
-13509.203
-13509.201
-13509.194
-13509.193
-13509.192
-13509.187
-13509.185
-13509.184
-13509.183
-13509.181
-13509.180
-13509.176
-13509.175
-13509.174
-13509.173
-13509.170
-13509.168
-13509.166
-13509.159
