2.9653156186933183
2.9593065498955546
2.9960914854047873
2.9398117998793136
2.9848970416447975
2.934533629078047
2.9789043493783716
2.968187640743677
2.9798566541586737
3.082081281035087
3.077442395413666
2.977596914188147
2.977129738660719
3.0794291676017864
3.04504494795804
2.9679348179046174
3.181310408644307
2.9732710576641614
3.0052011190805126
2.8263963200297746
2.978134986300783
3.001304326903876
3.284183806887929
3.020492612906814
3.1341615179333115
2.9684797376777037
3.0748470611797365
2.929208066302408
3.0102550855803014
2.9521824314023184
3.049222275369997
3.21304044051656
3.2803318048284638
3.064539801569242
2.9940808177118097
2.955733350090964
3.051107550604133
2.964642991210422
3.275317246578123
3.237623626646457
3.0157088274151276
3.0993188914367846
2.9146243823409907
3.070668821194619
3.0363005324289603
3.2604546048461938
3.0797997284662992
2.835848057372576
3.2819797756711107
3.084390293370701
3.0344405245636272
2.97867043705494
3.0708898691841804
3.0612190464725
2.929025422797559
2.9019146779872695
3.0097472916337193
2.955170063909932
2.989562872154001
3.201611704643494
3.0199624010411537
2.861196740528054
3.159108199985048
3.0918951598618567
3.0606532932680097
2.961128801659875
2.8420702908677034
3.2183478822682154
3.1964543413601563
3.240748161129985
3.0282846427326278
3.06427004674527
3.0940569093508428
3.2065458946194925
2.9839749478819946
3.1862247855102814
2.9332402803553763
2.9024476505839507
2.870245363252427
2.8558169949680265
3.0794589841168265
2.9281114558533106
3.2771372884928303
3.2266489261993416
2.9793616496594857
3.1799599635054174
2.9213489375181627
3.1125034997082204
3.055873231424743
3.09793497345171
2.9603843180627933
3.352274590120416
3.2587686875069
2.957574529757717
3.2912934535923477
2.8563882580737414
2.8909824364496646
3.0595769010154643
3.1213206689798874
2.9454145989296543
3.227193725886918
2.930443453909479
3.0885152948162156
3.0645157777563217
2.9822502315030137
2.9573468718887477
2.879775906153424
3.011885718204169
2.9692337636514123
3.0643619865862277
3.0634158849344475
3.0002751859787318
2.825594416077273
3.0203100493345767
3.0127788396666784
3.1086945491664686
2.973834297736692
3.14139072725412
2.949416585613327
3.045652176337939
3.2548478752410386
3.0457695421380873
2.9492164374801164
2.9911076260653484
3.0819658607601053
3.3320216248657175
3.1063228924456254
2.997035285924891
2.9511694881658572
3.029694384410926
3.012821630368426
3.548960647880295
2.809359741509473
3.0996611244547645
3.0233743100796917
2.9672457133882615
3.0171178230102185
2.9851248033248377
3.062597559893228
3.1056156891450195
2.914715963024081
3.01733991570521
3.002634103131739
3.709874277927469
2.9203820621624934
3.0336629706617133
2.942749764889827
2.9468320209987833
3.1167517973254046
3.003853810889536
3.051622832063306
3.074011365527171
3.0170640788715586
3.094272682144466
2.96408535887141
3.4540317415945405
2.9750888518344456
2.9793616496594857
2.784833085176761
3.0432597821989904
3.278287271915385
3.3409133414606225
2.95448773117265
3.086745222615555
2.9343856385210842
2.9078964418666655
3.035801262270303
3.095790748321713
2.9366815201451537
3.6222067389948474
3.047098341606538
2.999181268576835
2.922440654049656
2.856019630946347
3.22698474948943
2.8215787749292724
3.1415322944607276
2.922380529558351
2.816302177274745
2.978372679420285
2.9811787231695135
3.3222586215161183
3.0044752144746454
2.9451734309218014
3.0970495408910805
2.9737046976588015
3.2150103560897603
3.0426012235244584
2.832949914769894
3.0115356626306613
3.338082280078559
3.242758391968848
3.049405216933294
3.0624165303562707
3.131071111106423
3.234888218678615
3.0785393643005152
3.1423037020432627
2.821960096217273
3.0820247392676268
3.0495722910615957
3.012465232749564
3.1013404288819952
3.017694108851062
2.9304302228045764
3.033506972241731
3.00025441030332
3.697206574008508
2.928915816001154
2.983111440754372
3.2293248565478363
2.8699617775573354
3.062880640688791
3.0190084402895416
3.002940023460377
2.9181042074018206
3.4794776388435777
2.9061261810384185
2.7883189281339167
2.8249265224459386
3.301747713332377
3.1685278326430018
3.0670745154318872
3.2394345232414743
3.067115865165397
2.9557971290857674
3.0391684573867255
3.3905386320032824
2.9966548446813506
3.0355619144637687
2.8973460838917964
2.8620185531773323
3.2769853169897036
2.939275598148028
2.973232689462429
3.0861970618456094
3.071635331280322
3.049763278905168
2.9028215287916366
3.0909512170119195
3.2576455591151894
3.2533176248606295
2.796724190230879
2.882376079420644
2.8301506680332214
2.918783686117362
3.007409471517604
2.985991071942661
2.917275448659196
2.9683293218205096
2.9458451620723154
3.45968628563424
3.1047781856829055
2.963384438682571
2.766109737541702
3.1996359383487927
2.95867241494823
3.1036624727755
3.1659952779303167
2.724711871471858
3.102771351635374
2.957543452263858
3.2506590480055615
3.0389807620846896
2.9823871824831545
3.1087681136287006
3.24810944693989
3.3717848977707017
2.9584952949057404
3.172311895845034
3.1519803774446484
2.776575673968859
3.0451853353968037
2.9224583572831233
3.068177569862622
2.9664716958955593
2.986012878482929
2.9544297613891093
3.2968245281384974
2.72775194447439
2.9549970021571745
2.9994675964067254
3.2985446459086654
3.076060573177667
3.2994871336964677
3.0342108752228802
3.0339190134591885
3.129815305070223
3.446463030893288
3.0666052584406587
3.0320995220379334
2.9524735135752413
2.9949486140833197
2.9869842564859437
2.6630539957144244
3.233487969902223
3.000461830491405
3.1809094340838784
2.9908185412784736
3.0919224281362863
2.7948914047798588
3.0660448062870946
2.9475464599137737
2.9599710110877755
3.194261301790549
2.7539339766343134
3.010892634994703
3.224621749405125
2.966067739462805
3.0294352232970403
3.1653662194209113
2.7470267413131046
3.060040150988294
3.041639883505475
3.0733319611406626
3.15662754198159
2.8842614568571365
2.8076726366922955
3.0653059351298126
2.9789158158070674
3.6587912673840925
3.1643792608087207
3.006514415034143
3.0976634446927536
3.181693906786959
3.1074027517287877
2.8635887744679085
2.888025644167034
3.105477113275693
2.8468115766843964
2.860618348105847
2.978247543069219
2.9502571762007253
2.842918924538472
3.0937996783347606
2.93765520342894
3.0709609952602688
2.9224952546818774
2.8173740892234775
3.06291111162671
2.8164613044166127
3.066626313875325
2.8225950192284675
3.205260334371861
2.9827494861663326
3.2144098006110307
2.814963653207061
2.849082793279872
2.9106089884439936
3.165434891382052
2.937317871309231
2.7392800036754927
2.9990201912663044
3.3738207151835846
2.833401122648776
2.9954767124355515
3.033482824208086
2.930060811502529
2.9653199892612947
2.890553150187239
3.0842115804990904
2.848362699414004
3.042103597836177
2.930138065934371
2.923959421961469
3.224672841858925
3.2078604590226214
3.1535707601932543
3.1012350620065763
2.9841494857219204
2.9161993084127436
2.9151722221684544
2.8171028212363156
2.8426373317685343
2.935677274692321
3.1239186856805454
2.945345060353757
2.9584295102282714
3.1005656471719405
3.3937680372989583
2.990497135021547
2.98945981662204
2.948948804232568
3.078232100869797
2.9140390400880385
3.152083562289824
3.000778904783523
3.0875232659342475
2.9167296926749455
3.1763451605990047
3.338095317410732
2.6774671097165363
2.9734594770104676
3.0611692251022316
3.0792176469927472
3.1039757178577703
3.0253866758089063
2.9672259823517044
2.9981720671951924
2.979041641244246
3.0964047042526155
3.0991455393939344
3.1959134922444425
3.2546950993185946
2.9243855512700794
3.2278244294006666
3.202299616605059
3.018319995078524
3.026296327816208
2.994125797293821
2.9111750480430505
3.047977436610743
3.077040933688177
3.0133510944727604
3.0927518155797467
2.992400189892953
2.8321303409770953
3.144400967966051
2.89045694072573
3.113131457482316
2.970802186681051
3.1749600651734946
2.881054745888291
2.9568602909547637
3.0549099931346793
3.0129493318417664
3.091820090748406
3.0404426799241326
2.9838132542483926
3.0745952360887405
2.88564310927866
3.5137170729063483
3.2530798146989572
3.32984820856707
2.9643314143505224
3.146806500231244
3.312329504433738
3.521178726006747
3.095578677355875
2.764769712372975
3.02043666840294
3.119686820693819
3.076834923390116
3.054922539798493
2.9751259708027353
2.9712688473532736
2.975349998271455
3.023930355023622
2.888594560613386
3.135324101462245
2.7615966035084676
3.1230772641424105
2.9628167743598377
2.6870213894671395
3.130409347336293
3.431373722112772
2.978196988896555
2.9622124438475965
2.9566302045971815
2.838830629118185
2.9643969496695597
2.970289947907489
2.9786681773956185
2.8511051386249537
3.139893532921268
3.4667119335200347
2.9726789482080336
2.963510503990597
2.861922184185887
2.9380195884862514
3.123660023648701
3.0683081231228346
2.9361099849642476
2.9440349424659424
3.0287514494452537
3.0955468712018694
3.221885862011734
3.0382915986983283
2.8369348608631895
2.931827443931882
3.0504197125700725
3.1085673556066644
2.9902258027115565
3.1027006681870613
2.943224529458454
2.9846968055009
3.146650880355717
3.0707790577846374
3.020414938576616
3.238558650535379
2.9876800340012464
3.285349721929617
2.887991182932389
3.1504598390658733
3.2395219767326253
2.914637115631697
3.1439245148709953
3.035291483577163
2.968041477019904
2.8487233799133564
3.2295479936224223
3.21818119866522
3.4728398722681684
2.9483158699751586
3.1288799016681645
3.1995333649575026
3.3139185288565542
2.986888952968803
2.8902403918505204
2.8267508499222296
3.00576916847717
2.982717662513995
3.259468146448867
3.0570458474238507
2.7373443114810367
3.096015670480747
3.3993346146580232
3.3702242856394107
2.948913540175123
3.0328247527214156
3.0950088651349854
3.16914880421318
3.082502911489953
2.982952730855352
2.9178872888042466
3.0357487984112907
3.0805541001816272
3.2333016739023823
3.36136924186511
3.088952114979442
3.0219031707390593
2.9514434833121026
3.3372075912514734
3.186569107363257
3.1617723463091756
3.0143133189252596
3.004489731052261
3.134368883019667
2.971464392622737
3.3680000397452075
3.3158500555053005
2.8323385089238093
2.9956005676421813
2.9366380792737954
2.8419628462282542
2.987897225645825
3.145497807466893
2.939675377922061
3.0661951544520263
3.118549642119466
3.3139541529217227
3.0879263779174164
2.9852531769868853
3.268170285520789
3.168308905324951
3.1285956036962728
3.046326545145191
2.9615910831286243
3.2380249934164795
2.9999644638430736
2.950448953802411
3.0773755172708914
2.944474210751252
3.335918815052137
2.9814853060132394
2.8371016428100067
3.1001300074697133
2.9843114311157923
3.007861399110591
2.871013343048654
3.048272296530933
3.0727671989733634
2.908160944706365
3.223014202856196
3.152168388750415
2.749527267736061
3.1554613203819124
2.9845694720884604
3.2163427852895454
2.8671070024780367
3.1285894105653784
2.863434957629618
3.102378617026663
3.137135314840735
2.9251886120000345
3.0593220804340526
3.076390176761663
2.8155217249390345
3.222269746889131
3.200724405619144
3.2462922543481754
3.08294719164104
3.270195739251022
3.1110525763735954
3.01175266315008
3.1380464822477108
2.971518287710215
2.993321450460308
3.1255981868994382
3.1564095617491508
2.9466053683494824
3.3562758057463298
2.791838812827274
2.9709047527646386
3.310215083387565
3.046577230356805
3.024389069174065
3.361160254958009
3.2415017814089033
3.0524488576990647
3.1247788210473764
2.9665737258027254
3.2676995674413294
3.2250084068865132
2.8976784165440916
3.284292237657439
2.911780674228868
3.1079732866352385
2.9014071729207966
3.126698084100769
3.039118331507888
3.0829885484614152
3.371808548629561
2.8969760864754392
3.091354365093806
2.947111006361399
3.063535577754078
2.9769949957996635
2.9461286100764097
2.8596381605441934
2.8341571965102035
3.08953310508831
2.936344894749358
2.9864600946893805
3.046542301565716
3.025556058234978
3.029694048137281
3.0991937992595253
2.869582970132361
3.1655764769941843
3.1354701161085017
2.885390217618074
3.029735987601657
3.1880432848601217
2.966748165920577
3.3685063074112898
2.7649021897114143
3.2181040786053012
3.0219890069521496
3.158421706608825
3.2121108849259183
3.1134007744092127
3.0037419242189474
2.7327787802119854
3.0885152790226535
3.6748874618021223
2.971076138114981
2.9216864521723616
3.0512915595830816
3.2366394274714128
2.9349001641316304
2.9508353100483906
3.4788820906615547
3.1355585698782877
2.7939707971002825
2.9764185977705395
2.8929340827565526
2.8971330658264582
2.9022720693306927
3.099657073032423
3.0019966647186425
2.8350853129436984
2.843506220960227
2.967666572959397
2.788018278674239
2.922202301466416
3.0773600435641772
3.0718583662255163
3.0475687077043485
2.9744170580243137
3.06172568955614
3.022152551098214
3.1366975085585205
2.991634834028693
3.303168166407926
2.9265656046171444
3.1124216607070796
3.0237385299392825
3.004695883164748
2.865612534734286
3.285394700335075
2.9612630888463576
2.944220626257619
3.0944613433920574
3.0228628203258308
3.343104521710891
3.0638265456065614
3.1369726323778924
2.9778896411262332
2.8210785673744265
2.7840603192458557
3.3780316304999642
3.1285035057567994
3.023718898756004
2.862772779017247
3.129604692850775
3.1501949079951292
3.052285722952889
3.0088338126237177
3.1372702479184134
3.0106599655973882
2.873743938341715
3.158751692646347
2.948269480646047
3.105212024864326
3.0171794212606424
2.9127880104661137
2.926378948331999
2.849759643966359
3.3803561532550725
3.24750003430913
3.014464159229603
3.136795343764488
2.9782637860046504
3.0376605835569865
3.0917917401885995
2.9182088598919256
2.9968420107584968
3.0374213610883736
3.0563653790748284
3.1090805629643192
3.12320613161738
2.99970111796191
3.063445157417636
3.2962920117849994
2.990975718897438
2.8888211771647168
3.10589176904195
3.204544941498632
3.2695496959822847
3.039837019890425
2.8500916516947576
3.153637194043309
2.919919208306159
2.8515747144011545
3.019838930812144
2.7852180919418346
3.1879851333974316
3.079603580034896
3.2102145088048544
3.095395356953236
2.8311213954635344
3.102016742610927
2.8428153455023777
2.860103064250693
3.000115274050256
3.2630887665677593
3.0944940503526355
2.9412643146128037
3.163258065361425
2.9843783236813466
3.319948228279779
2.9602454507057705
3.1857235607188765
2.9077048519769537
2.9953042752081935
2.9619041112792757
3.0637726001129733
2.8093358377854574
3.1057103167886577
2.9672457133882615
3.0089249888775136
2.9804522361961077
2.998802652056137
3.135962947096114
3.007665630172115
3.231290860062323
2.999863059204735
3.0911444326832975
3.018208575666188
2.925445913395125
2.9945553069208573
3.1215738247903477
3.1346643785519652
3.089389270625346
2.756471360389435
3.0679301940889374
3.0398636601807327
3.111369683426024
3.431899730953181
3.0504863176862136
3.1707690242335898
2.8566450961195
3.0081831162934907
3.1642267651064713
3.0165102234243935
3.094199516681125
3.2274671407106217
3.0102111789489103
2.995522868561999
3.0082685291319917
2.843483616494452
3.03446640505774
3.0827880741848954
3.0079215333407046
3.0398888751410467
2.8221005391950427
2.652861423986836
3.201538112046604
3.220239733463978
3.243861503413823
3.013266832008912
3.0843857110623363
3.096765514515497
3.2501119534113534
3.1405564611087162
3.055505264435913
2.9738354449211672
2.999582276127706
2.901679859044425
3.089795691919607
2.8344375671821815
3.0390214932301984
3.00657454750142
3.3010283328715975
2.993288108415596
3.1142729822772868
3.2629373666072286
2.749225602950092
2.9153258109402373
3.1004567236305713
3.1769525610838176
3.0115362850127534
2.8739076066532743
3.054469056645521
2.950135456343292
3.2476745071906588
3.204726451864585
3.1293758495427375
2.894304872259046
3.087941989414182
2.9821158941779204
3.117433389470508
2.8957444144925257
3.0670738002789126
2.8569700783547938
3.1817220479655695
3.1180813000400693
3.0633727872140626
2.860086803564247
3.068431291130681
2.948986275972846
2.903196466390206
3.0565235436111653
3.085915527784945
2.9892229864188784
3.0480244230827633
3.0590117365694023
2.838268204979131
2.9055347161676073
3.121749814210786
3.0226123596522156
3.103907388386624
3.1040768513633914
3.283030685157024
3.291308277271084
3.1046099956272903
2.976339789429431
3.1301607424729236
3.2205856773293555
2.939327105014439
3.1507849383545095
3.034712808453368
3.2828715713658654
3.1926993244456816
2.9972566830807117
3.0060401698964765
3.077297626880362
3.3343696487030394
2.7964061365030384
2.8775851598461033
2.925832865682215
3.041485032516828
3.1516277010786395
2.9577910344891896
3.120358541726854
