4.481435054110104
4.531969279133536
4.5273326350689675
4.531195726074776
4.499376955554705
4.509313652947252
4.512484995635909
4.533895663251208
4.499288651339502
4.546775556295166
3.4028826714499747
4.486454769222299
4.510979841792286
3.310583216337635
4.551262572915496
4.484344325222397
3.3342186072823554
4.523110252477525
4.5152737921842
4.191692515089953
4.4768299313441675
4.506932775237113
4.048408286700298
4.467735486252919
3.3441945646509286
4.570588329825538
4.501297316664047
4.446759509616843
4.5231921438803155
4.760127789309015
4.512605916596671
3.3040012039188804
3.3181134952926925
4.615649893188483
4.479422330692962
4.514826661950573
4.528544404368703
4.483806785808055
3.3247442149904
3.3351894291609003
4.539040618491577
4.498619366221089
4.433569150693382
4.550365082506093
4.565777676913429
3.352258178220861
4.624086569039554
4.58992157311722
3.2996178809360663
3.4249327846432154
4.525242515785569
4.554349916659581
4.542018623659019
4.464949523134746
4.534555402539095
4.563492967608342
4.025015019352224
4.559877797800996
4.462449219682045
3.346584781561053
3.3910552877183493
4.463345457753649
3.2751429078032452
4.5193904617019705
4.442399415062466
4.540051514709989
4.612820849140646
3.320630644802836
3.3726503129012126
3.307970043405858
4.470597833716007
4.288582445611447
4.2673518360468154
3.304089459057007
4.56088252938562
3.362412003192172
4.855653845777363
5.2789074480546185
4.495084662800829
4.8283293779647565
4.5525405191608534
4.955406654605438
3.328695286551913
3.330249947370477
4.803412202961244
3.3371158957048808
4.455681582183781
4.250606987100749
4.386639410061029
3.575260174872936
3.7950511148701587
4.333056101218185
3.3047557580195805
4.79130076410618
3.3713204702326593
4.836123067011387
4.6578152190484445
4.395381378210415
4.3406250648138425
4.5106849574992
3.5543583713350992
4.59278228167258
4.9824166581523635
4.56264055905472
4.754425937593856
4.6211418874267505
4.417924093949143
4.4421946537870225
4.798622383778236
4.559193729374909
4.391902637243671
4.557169568914836
4.66487304079598
4.599357724273502
4.08042406077358
4.483636987713677
4.65790156143598
4.585820751204407
3.803210879670153
4.011689975114028
3.2264941243077345
4.233315991508845
4.820611392915745
4.781614136541911
4.986323730048735
3.7675510417795737
5.011805663652941
4.416979605853507
4.550828620608794
3.7217843150545664
4.774107988242942
3.6605809563702083
3.9226228967554726
4.603892885941446
4.508766261066105
3.8233525754737796
3.682747343179069
4.548020855905959
4.415885557932219
4.248888879858271
3.8339932342693306
4.48358239279641
5.277868407721737
3.7393186125360014
3.8094769008334417
4.613760354733537
4.264126976450863
4.490287079540751
3.458735564846641
4.557155434779894
3.9783642678408784
4.784386892074419
3.675661658674331
4.420067024552305
4.868856628647876
3.9341161763904076
4.344152868145505
4.803412202961244
4.532205718954824
4.460230063434608
3.295455270360812
4.222877451007502
4.108602176782835
4.5873173119953385
4.136796336880058
3.37471343474366
4.056608779251382
4.6563634165529555
3.8710534237780427
3.5883678622270043
3.9676834920240576
4.4367207428796505
3.9415012394308286
3.76691379870113
3.3135835862150858
4.194232010473696
3.320984288089212
3.7065918330086625
3.7575966349946235
4.278772804764656
4.5723276962970285
3.273340415191427
4.752501415026978
4.580289041635283
4.4804049473128496
4.845790972601863
4.598792143170101
4.764805606595257
3.8424530755515622
4.93207201381166
3.337155935791161
4.123262973673844
4.038095961282329
4.331333356596399
4.357308674231772
4.2659395920214545
4.348871251046457
4.519171698678958
4.572798668615565
4.122690084650726
3.2577620422608695
3.7577045564029143
3.864972820933459
3.668329472116899
4.953310818342603
4.430760246666205
3.81200735020691
3.572376807831728
4.909235534831348
4.608208636715595
5.080733222536157
3.6782679028760215
4.3520392461253925
4.364116156964754
3.3042656625676203
4.5191281202774345
4.307951149972417
4.936421944555689
3.344353556814411
5.362896706428748
4.0710437628024145
5.394027897245121
4.787385995507702
4.070581573494286
4.875536184244759
3.17129095299427
4.572837335133266
3.2940738779060568
3.794922210333737
4.876790629855239
3.700005591576441
4.771891944329062
3.2937594621774773
4.405850013030488
4.133316724447925
3.4030670022454146
4.8926723274254496
4.3894046565551355
4.636125092995569
4.056544612984095
3.3945909453098424
3.316085476615294
4.791757338466273
5.0173741286468125
3.8076200874455477
4.9180621555145585
3.6646725547933263
4.853166235985798
4.583827303867896
3.8526758316548873
3.6152216758473887
3.7754722798101508
4.577662753405054
4.347241964468849
5.061481270059929
3.3678060478130343
4.239495529072256
4.279088386606347
3.816623566687034
4.4023690993142175
4.501478236667801
4.462795511880993
3.630328140910713
4.562160969032965
3.692964614233484
3.947110108501579
4.080281015621985
4.496012162015354
4.25887210292786
4.534195551019469
3.8937110510443733
3.311150442334253
4.9353768300997585
3.5399140550098114
4.9768708636616275
4.2573215394958055
4.802948970707457
4.428360998896661
4.886583502341346
4.405879590552046
3.831867356282461
4.14879631459576
4.549317603196121
3.837998559154584
3.4307365935620115
4.564769883483431
3.7216973494418615
4.025908760704218
3.428122816488319
4.404093879421403
3.8294165141062466
4.66388556327812
4.373947474801152
4.587648744431079
5.706734208386543
4.859861575983077
3.793572357796789
3.2502773394977638
4.520181128016866
4.659163550601226
5.164615914246669
3.1800535608916594
3.9558448949837306
4.7050122637823835
4.482204144996211
3.6508650418927076
4.490297726978139
4.362856866799989
4.704419543242043
4.7780064850467365
3.3312549350697456
5.700003647924682
4.519558782673051
3.9941268247726045
4.0722601883049006
3.51805335378688
4.679774963859611
3.8445134813637774
3.292874597042414
3.4085151951240866
3.7689913555447245
5.422463509511298
4.990185903132059
3.8994913892748286
4.480232174872823
4.346844472294513
3.3640237523427468
4.4949875039419425
3.6570026639188433
4.542179621911393
4.33430113762348
3.9363327681840046
4.32680999351814
4.326270954556812
4.39786477693252
4.753148449276288
4.868591251406513
4.692018569240857
4.374907155980802
3.503502056988289
4.304305916326326
3.791114403854009
4.3535679869228945
3.284475388747196
3.4048680320805174
4.483839589169245
4.37034716677516
4.378165676044861
3.8415115608382626
4.344274093497356
4.427042990345518
3.9179101771591878
4.259955917733521
3.3542219049981203
3.0942680722614044
5.639415969991617
5.449236370332695
3.6533003423614674
4.1173198509939
3.355027381507592
3.389936014905325
4.834871367758388
3.757062544520842
5.37106692020324
4.384969598666439
4.2307849319132735
4.529246512280561
4.429063620353104
4.817369154897425
4.581244318911221
3.722544802025846
3.72131523039333
3.851694958490447
4.026971606869285
3.7197644124381375
4.641158699866413
3.7649105529300226
4.46829755443609
3.7762061102501066
3.323375634966143
4.682104185399497
4.637383910147836
3.6662072657437266
3.9775095105127085
3.474959639227456
3.791084213310909
4.7051865019705845
4.910611627120235
4.422995066236118
4.982478978642968
4.818137095881788
4.399173477736229
3.3309546997914277
4.4925701213407985
4.347139993659367
4.311953091581525
3.7463337383640907
4.775888774023765
4.841237743229514
3.354203840891757
4.143583441274032
4.329220606291017
4.05977778759247
3.8091934220272723
5.428411499933871
3.825913935693129
3.8633192558591283
4.089064211338426
4.912706163730583
3.9210433545016796
3.9638028240406706
4.047662422165342
3.933729139271063
4.08192689079749
4.392885270041939
4.030356685593123
4.288054007617079
3.7596199391086795
3.6496091627410894
4.301262750363147
3.408595968839738
4.26674162324406
4.239390056991137
4.509036671119858
4.586165914012306
4.782528642108062
3.5161420997335284
4.335134675728379
3.873095631939542
4.423553704568769
4.338924114562002
3.9594995921597027
4.577071176592291
4.9307537570410815
4.596610815476442
4.377301903190944
4.244225262250292
3.432111641847696
4.699807168838016
4.320335128831831
4.5245396189131135
3.5734127131984135
4.322025017222344
4.553840025714447
4.585374900096777
4.879697250795854
4.594930080086318
4.931479389641369
4.987214468228794
4.490993531597696
4.117767777035375
4.676301230900664
3.8113741371677965
4.611783593354919
3.3577568346145936
4.463157516470486
4.169857830186562
3.763868530901267
4.013990619597356
3.3232889404728994
3.2877319576996227
4.199748756959655
4.303529436466627
3.785354021776203
5.433526010519781
4.302248809053189
4.4259505853540055
4.755280270569671
3.299957033605393
4.126516788457363
3.731501072346662
4.709259348266299
4.93035969308879
4.649666265738
3.6953375568530418
4.67715456099026
4.615861142661557
3.7038700151889747
4.724721485957784
3.3010594489409284
4.548100072747083
3.439417919161199
4.481125199711807
3.451445131640398
4.376350034054616
4.168771071658606
3.697066003227233
4.201240285363193
4.628625585363722
4.580404666823778
4.655545008340484
4.211053994731476
4.329910267320818
3.9670429871254727
3.517006668578935
5.205385635789213
3.63051905198789
4.73191392498932
4.878622081429748
4.090269672390503
4.262476019156611
3.770653471265504
3.770432915058704
4.879201343275909
4.012888339755045
4.005736467784728
3.7618952579196128
4.944284422563086
3.8845889638000237
4.872733441132034
4.648311061341391
4.70057787258252
4.060913649634989
4.308167645771038
4.965348733512542
3.466311589375553
3.252482452374821
3.2464925412977585
3.4295713746140373
4.463114663264386
4.644503698195617
3.8956502507928903
3.2783984052602673
4.593322708722704
3.7558449496514568
3.7054469566168557
4.452256104923651
3.7608666182110015
3.782944809265372
5.442102414743534
4.213026444017031
3.4878380239742857
4.381090296634607
3.031618535451287
3.2700278947676664
4.448112166139992
4.453575868330509
3.444593888603973
4.768761354582129
3.2978605068140983
3.3668763595787436
4.4032829039934125
4.734674615079602
3.948937321786044
4.0118944535077805
4.608889844620373
3.832372700245109
4.8675096264210485
5.26646885709563
3.5776782147204784
3.3030532483006665
3.975952595240928
3.128493001195415
3.340229092961244
3.687710739695615
3.8652329335033446
3.909764982175736
5.003517420579122
3.846188975979967
5.517563281286924
4.425859913521253
4.427462028928896
3.5590865991006613
4.5192326960855524
4.541389305397854
3.862254480900316
4.497280736295731
5.838109061724844
4.850210647099709
4.887936649952956
4.858546507355776
4.164583387961305
4.98839837534843
4.109130260930569
4.869583095063858
4.202872966211041
4.659345743230338
3.372230586613011
4.107231943008105
4.535802499134805
4.768434442707788
3.946303763075754
4.459781034411449
4.293277798941989
3.976181381448396
4.732270828740958
5.0001589068087995
4.232560053058555
4.454230284894799
3.2629079590631425
5.227252483414876
3.7954245946939653
3.436937808914145
3.8746282177533216
4.444240555976178
4.527251791806196
4.692005987612621
4.486484901642605
4.775863818206682
5.566690717623576
4.461889391043213
4.17184953800268
4.454712945531636
4.591698088954437
4.100909379300072
4.279976386084251
3.9826092654022163
3.245141280753534
4.367718275549273
3.493672796033456
5.0446419852433095
4.118841749638988
3.1235410019650294
4.566301820508882
3.927128743375321
4.315467779573837
4.661634447753205
4.661745682957036
4.7290854124331725
4.536960709159184
4.3111234146937205
4.110236884195036
3.2555104265994204
3.7425141009675853
4.44232327343895
4.115960135308339
4.513120888294635
3.8972663189756735
5.354537723129974
5.200241575792708
4.905217984914779
3.2963092238206544
4.233042264201647
5.135302265651671
4.2688054937724225
4.455210168876353
4.907057204106792
3.2289074730644893
4.8142666979139594
4.520134313236924
3.408784284200701
4.022026888306304
3.9052939331549887
4.536974721346955
4.108478788134702
3.460758868842009
4.055783373470915
5.1426163616071525
4.378962255531258
4.005462575745125
3.511718847307434
3.419412675750884
3.3809746995614574
4.640203934541205
3.948842322920581
3.2785184834552457
3.3117507889969016
3.9918703418727586
3.919856296287299
4.234232739377087
3.935234227803914
4.604890868689555
2.993939939016888
3.658875708878836
3.9630016490492146
4.089997236101606
3.648709947269165
4.241823409077135
4.504103262223374
4.210781329335064
3.6440462605380635
4.1332357603373815
3.8964904100105997
4.032646605856602
3.092026464731931
4.094012061644646
3.9216331985848942
4.8066145576426
4.471577157326113
4.372745389925191
3.745708147499815
4.389422549580426
4.465115462914718
5.385231982844317
4.0555496440492655
3.8787193545215284
3.923667815651302
4.535991171643811
3.09784120340038
3.7809411264914496
3.3308547695449984
4.168384999582969
3.498828908770369
3.979885526317343
4.072755377898117
4.665373879341904
3.9192881333141063
4.095812119435096
3.3608076714076986
3.4214499213819014
4.580529422193871
3.286253319724679
5.4337020190489485
3.5045300772926877
3.760171197610582
3.7985843635351175
3.7121888074718474
3.5591419841516343
3.3492905427626987
4.308278882694451
4.259069633451369
4.299585192457357
4.527211415791747
3.691976199476523
5.072103596799736
3.147705772494965
4.72653429391183
4.05932220138244
3.954094825030304
3.2319234255323357
3.4529808242005298
4.78457667330882
4.44388576763974
4.497152873957276
3.637332492697027
3.663239329461337
4.467216443506264
4.807454269925773
4.389884547924505
3.830599422288584
4.079709704160319
4.477313653222043
4.388566885193906
4.920828017797193
4.056567752354976
3.8731017943002204
4.781371252885618
4.667769645045779
3.6633792001740026
3.3102004969900207
3.5778490140436814
5.15540801803539
4.560161808354314
4.721282651636144
4.637288576389247
3.4029687583477926
3.631307523733462
4.590331278214695
5.069900505204006
3.3215455292722127
4.2328588616204
3.8075047348990485
3.781563896540913
4.229980967893675
3.484183091848386
4.831188071047867
4.667231619889497
4.429075436870341
4.73580764537858
3.7485606103966824
5.788074915286401
3.9674883721186713
4.459574239692322
4.060286942593098
3.336367019666184
3.783392493795432
4.62892441901841
3.7793672797333704
4.232523513021924
4.345446238010753
3.8233525754737796
3.9570659272373607
4.6403081715008225
4.205042875050695
4.6094601048490915
4.347693583831087
3.4031083709701715
4.270960664938984
5.285513574859861
3.8618781839635483
3.7760453659979576
4.400712641411387
3.4254263138758536
3.3960483856636436
3.141910130651301
4.094766339209263
3.5594084772833576
4.710720385629689
3.943892281225266
4.522364109255079
3.8163889765132906
3.21828930792718
3.2919427947919786
5.119543780401979
4.901982919384574
4.493047835079986
4.396632864024563
3.824360746635965
4.419633201737514
3.634190763796959
4.8483823986808385
3.987135046481338
4.6479351636945845
3.8920165500091257
4.380751378683231
4.73252915985538
3.6721903547703474
4.137038834321279
3.3578854164624405
4.494641497675077
4.766605418292837
3.7102034627215406
4.495287001981711
4.739059874758415
5.109061543953653
3.372130245196235
4.608833648500679
3.232924675072973
5.197625935800516
3.469085857204589
4.071612183841399
5.310124261776125
4.881100667363402
3.3232511053152702
4.030524006133803
4.303380242429178
4.323769578106851
3.3163831321624255
3.4191415653942556
4.238536121603057
5.031379086559195
3.453728335352479
4.074769328845867
4.36545193521213
4.835421300083302
3.481704707397359
4.783455025047485
3.7258360304062053
4.353286886271439
3.1313237590982936
3.372611618404164
4.924557348087762
4.001291052712037
4.092060213563622
3.19120460903226
4.7500359602633955
4.377027135572901
4.030775698118836
4.177415908642042
3.3262774365952086
3.305383775743808
5.060156686868401
3.725241256220407
3.8073662467024953
3.6552062401282184
3.0653385683352092
4.390912621347134
3.948001910892188
4.609866124715215
3.7300446913723904
3.3287268313554117
4.762647202158983
4.392427444776841
3.2173204066274304
3.3172234486584693
4.6153457019094795
3.959200038770621
4.453765361731178
4.281186283748361
3.360193776870481
4.321416428810517
4.415412385634274
4.122106904800314
3.8220025407122584
3.844666818157396
3.524397703746007
4.947497644939725
4.08185295560023
3.895915942015461
4.1673650339193
4.378069555036571
5.450964423873785
3.3542987240829527
3.280721472796646
4.257269070064781
5.009086038580692
