3.347267143521834
3.4085177441549517
3.376530108170866
3.3701496102057917
3.312292696230141
3.3630771593881352
3.3513776836011298
3.3312238577045314
3.367011122174604
3.246255542419533
3.016082873562314
3.2891843894950106
3.3445268253248646
2.9776309744384
3.461990832962104
3.3856263402395617
3.0218817667228715
3.476131020753873
3.3824985243469974
3.0653034812434736
3.338747204655936
3.181833556548232
3.2268741677416877
3.1893148680439607
2.985422513089165
3.425116900711191
3.2180522938988414
3.4013851363714536
3.156322791128006
3.178562172423582
3.1942764163271873
3.051782124207359
3.0328772969622126
3.193282548386921
3.4677744817350544
3.461381618101753
3.2326447677467587
3.343840113128561
3.0708588555877463
3.0589023911523774
3.2578560123424047
3.2048087996646943
3.287419504874447
3.1896131447937406
3.412787218795926
3.050982423668378
3.132680381337629
3.0870796583986815
3.0546323960858626
3.0399431840272393
3.127962912678996
3.304739344098343
3.256427530489125
3.190668552184974
3.1555004818605914
3.075247846456697
3.257682129030058
3.1579519382277326
3.1164811167185533
3.082857700649328
3.047021599294863
3.274595702593648
3.0124459377049733
3.2467005972965164
3.179695041259803
3.1168147267481916
3.0861193022327327
3.062163814921412
3.0783495998128916
3.046216095048831
3.1466700755710653
3.1953333665175108
3.179565974762686
2.991390364363116
3.1732922873559493
2.9200719199892418
3.2438916711676202
3.5353222799321307
3.356354154855865
3.3392713004994037
3.1183195302456768
3.616358511757985
3.0893756880596794
3.085440077081071
3.2560577845142977
3.076078974947377
3.246261024972227
3.158316785539265
3.0985073368007905
3.0537567568775987
3.090577195253197
2.849554860102706
3.056615138070772
3.227595355639108
3.0668889283160365
3.1903607870818957
3.203978522794911
3.1437400676548597
3.1548233053807975
3.198532506946388
3.069493604196465
3.1096447649576513
3.467182575691574
3.200734368680697
3.2591306234694564
3.1879088963993367
3.2683907429927928
3.1476440330642164
3.282453907633649
3.108934968710945
3.203056259730184
3.185681828037695
3.1191412376683827
3.192582979162221
3.0942820199306325
3.184694929352375
3.233240349001082
3.130376834467215
3.134251654092129
3.0988714135668265
2.7844824295612938
3.0686652460342727
3.2094627044711186
3.267292918545712
3.5720657656390813
3.087779377260753
3.5136880230800114
3.144903541182843
3.307073555623562
3.1561508761108166
3.2381595878781186
3.1287271869581694
3.0541680974719263
3.0467051594606835
3.292821167107079
2.9925327548647265
3.10219863397129
3.198528087346219
3.1582110393294753
3.1753751469006284
3.0601544415838156
3.318863773226387
2.8858293145564353
2.8307475197963563
3.041232535722863
3.1497673846060823
2.9414552819833855
3.069160528385959
3.2287451228193635
3.2033594231547236
3.198141685206991
3.1810208015551136
3.045004843035101
3.1411033088033324
3.413526117375602
3.0723096901354663
3.1735520331750418
3.2560577845142977
3.0287300407582864
3.1177909762530613
3.067234713671442
3.1283179568373694
2.929995815047642
3.130299433157629
3.022359793259588
3.071965591671612
3.124602767339486
3.1893986192755244
3.05501941381425
3.14549140425763
2.9671560752068515
3.104645426967792
2.977311139484226
3.0110905083494908
2.992474690031016
3.049700947156787
2.9914500567561717
3.0821129448326308
2.986404536948414
3.140692168897389
3.1368706534157553
2.9123054641015713
3.332684254989577
3.208166369619478
3.227166903204188
3.249703352699511
2.99211766293907
3.0379426198035686
3.1329794264433835
3.5994420619750587
3.1048885038923077
3.1769546918989713
3.1400519140909036
3.1376551731493088
3.2095904661204693
2.8699347578732057
3.127983596496917
3.061505840683573
2.971419012790674
3.1433892415305147
3.000523794417984
2.728309590045542
3.0321272243793786
2.8324644613032444
3.1573148259628927
3.2930819376861997
3.0014199432545245
3.127387482709777
3.1425702358703878
3.1295923683989457
3.1412260510698133
2.9852392075758374
3.1000188062769465
2.9460513351336144
3.0118524290746995
3.161964042420031
3.199873267110069
3.169649016600318
2.9146145000619192
3.704984815907105
3.156555082691024
3.286139833634963
3.2718848751091048
3.073253046621625
3.1025107603437148
2.8720332519735177
3.052463744375625
3.0249083545724105
3.039224680445657
3.2006736823284947
2.823748082976779
3.25496138587883
3.0455273275562815
3.1934319379531564
3.021781979106089
2.929193145076321
3.1372173958331926
2.8893411459079816
3.159196396948333
2.953831098992533
3.205730021278259
3.026307780837383
3.21106627586583
3.2179089840739175
3.1172040544553963
3.1408172809663633
3.004125298073986
3.177106131718721
3.3164766629246016
3.276998563480186
2.9734654486396277
2.877852172388125
3.1234580024185625
3.1960646329699767
3.0891334465106155
3.0767432003172246
2.9797909411649646
3.1893511598354767
3.107027646493052
3.2361612209739485
3.261712301749747
3.1601721355138035
2.812758923956232
3.255758106800937
3.0414498370853935
2.9448046979303766
3.192760716683687
3.0961600230596344
2.999270465908131
3.1450073723143688
3.1282050818952865
3.088381909063253
3.433163450780607
3.067516990994508
3.1361341465081365
3.019858893983247
3.544274036489594
2.9058316551379675
3.2425000044041026
3.2650069199697516
2.9351374947834166
3.467511745830017
3.4059286887316724
3.0374979428660365
2.8145966613041367
3.296652135848187
3.2183356571576915
3.0181951991448392
3.081670284871289
3.3969467766270838
3.0118940092590067
2.9354589889925475
3.0545007342805413
3.032051219701084
3.4351970207438436
3.267763191324751
3.075432054707906
3.001176940184735
3.216915552461846
3.2284618030154677
3.304966578372847
2.7721267064950497
2.943087520730907
3.0928662949831587
3.335439107507828
3.1383023163541655
3.5027322542764248
3.1884447454907203
3.089492323786276
3.092854163234287
2.933819662151823
3.366153298634223
3.1988366654692646
3.346949197131252
2.7997514652314632
2.970732900545098
3.1709918131736465
3.07911124049302
2.9093413008496287
3.138472929044906
2.8409467760422666
3.1099254855576515
3.15120015248662
2.9254475390796535
3.082058480066086
3.167874265292345
3.154221320879943
3.3631716508236424
3.0120112775919154
3.167413137933635
2.8666492911289345
3.097965792506066
3.204527602116798
3.283711437352173
3.133983224760923
3.314608999968641
2.9957090297000457
3.595625015067723
2.8546118671553495
3.129912632935413
2.951362361284743
3.0790528723471753
2.8557292632914844
2.857468125876682
3.134376246841422
2.99406095629827
2.8469452039884806
2.8604077245803645
3.1811883021893554
3.2233820740382084
3.0461728096583176
3.108343932760578
3.103014240719671
2.9580731102211693
3.009203290090965
3.0282453537506315
3.9591781527095495
3.1254851812805398
2.985343434554613
2.9543996695767905
3.066821952200968
3.452319523727595
3.0437570687905295
2.9833294658061256
3.4499195302568655
3.0032259304396827
3.18292838099058
3.1561606503073003
3.242479294528126
2.9278321365429285
3.1676830529037048
3.1695461323538416
3.060120270620854
3.0507550242561523
3.1556008715066377
3.166088777666441
3.207340613249684
3.3487489404621273
3.2233762603449665
2.9970128567063203
3.1933868408442048
2.977856318042414
3.1402974094004352
3.1017346437780393
3.012943708039036
2.969143140225982
3.152637147749746
3.3970302257333205
3.2691727414689535
3.4519208146571443
3.432060250529122
3.200692097058072
2.9081585064951034
3.199410184093678
2.9311429130007927
3.1546624694314733
2.8075141218621695
3.223537679520531
3.2535618047213846
3.1354428567689143
3.1998923208804935
3.202412574551597
3.1566065182838865
2.965203762409609
3.020210588748135
2.9852576688511148
2.849006273022962
3.4505289735141926
3.4051393316620433
2.890111289084502
3.055748618091006
3.040241294875048
2.9566241609181727
3.0241518907525524
3.225590057003094
2.946122748567385
3.199477647054689
3.192771560746115
2.9968442466502268
3.079956552715941
3.0337511370233505
3.262788106299755
2.9850711378430828
3.028306073421347
3.209971384839861
3.131029635715078
2.9740792908162144
3.1850895412893663
2.9824941929097113
2.8700566740808187
3.2472283617132542
3.2656414497049164
2.9920665117494867
3.5269285112020374
3.0269618083622882
3.272524911395532
2.813542950275897
3.0698935962464247
3.0789694196083146
3.2487831892891665
3.2207423776892483
3.1206203449923375
3.3500695760866104
3.1611639624700114
3.2437564252320614
3.055246201170982
3.1356581330510744
3.113441908949013
3.1792429930178194
3.121503530198011
3.013497760450292
3.062514836869666
2.978713901994848
3.2547625458399545
2.7977248937939287
3.2444113627389357
3.1903654841338365
3.134102434605215
3.4483193199630224
2.9234135194012087
3.067603875445774
2.829903914895685
3.315755081367912
3.4005538595303295
3.413881443640308
3.1070352139869417
2.905588545201636
3.24580127525461
2.8159333264697692
3.102555960928362
3.2746781635720548
3.1442798291988026
3.196065503155966
3.2960012264410445
3.083838951035462
3.1898499594438423
3.0760756641440588
3.0792708375877003
3.0729352135522725
3.183062367975774
3.1257739364328305
3.042897822851947
2.9836118264041334
3.0748490958988612
3.1276598819869106
3.2210925556283807
3.042405877563408
3.095142199506212
3.098260958982134
3.8718710625357815
3.176319461785922
3.0044020496385593
3.2183451626194666
3.0094511686425607
3.019925444664285
3.677082575928906
3.0582872487628343
3.3992674775607066
3.2370386708674745
2.998749975489586
3.331516650637235
3.0159427663907765
2.841297204377675
3.2011684737568578
3.137658245592055
3.318904993050942
3.029356507503418
3.0310278236165775
3.1337179166996303
3.2341714668623327
3.096648012148861
3.4355656938746697
2.940254189034194
3.0511558676010235
3.277011666013237
3.284563429205276
3.058712637813089
2.8205623421251924
3.1733483899808106
2.8838530393218917
3.1288529231794495
2.9448092016534924
2.8697037549033086
3.167221957245534
3.1150879183724434
3.108442375230884
3.193800613520691
3.030245196183049
3.297331435359459
3.3387618760322644
3.5110014266409446
2.9132153187463623
3.2418301596919363
2.84432542012198
2.864236282680076
3.200605162681681
3.4798575788379065
3.0492402202136435
3.082815296366651
3.0077225768752243
3.0156135453097366
2.932102374755453
3.4224964541041394
3.146490680612811
3.424397060196535
3.3552277955277843
3.070056215082309
3.505095197842845
3.1626430290033913
2.950177204779049
3.090748347618885
2.9141587645183424
2.9612678915257193
3.0063562354228925
2.999216949775047
3.1334881129898977
3.030777155394697
2.9941035953975583
3.095893450626421
3.346602404075175
2.8711367075047995
3.1594582121796693
3.008028583697551
3.1944563394129073
3.163953205883635
3.0188832399807652
3.1796905834877984
3.8371867167381914
3.2549908070044173
3.2700358316139555
3.3320241120995298
3.307098704175095
2.912429907138061
3.3509177047318723
3.5911727304209484
3.1812331182724223
3.1609762937835484
2.974668407295604
2.805816800168434
3.206237630689194
3.292223962405969
3.003851276004063
3.0850192882144447
3.2183056566455286
2.7030967124159653
3.252640900021168
3.0631075978945073
3.1959505545604956
3.264007901377552
3.0041481808244463
3.118293631078385
3.080414627368595
3.1307966680148813
3.0566289728268514
3.105940668394235
3.539897888520362
3.478437219964102
2.9483217436570306
3.2693706138033702
3.345043115895593
3.1321038238750747
3.0266422554550276
3.0123514538473306
3.265585486009976
3.0437825793657565
3.0487261299076507
3.2837074431874353
3.02086278979298
3.5972684880255397
3.0695604852411043
3.5678702512039453
3.056338732770124
2.9477408171176416
3.2115637284518543
2.953776701043706
3.677697663709168
3.155752813660811
3.1229720288565965
3.4679219974838906
3.621385301688549
3.083458178470125
3.0054291798566566
2.956408968572664
3.0685078888056143
3.3709523330494746
3.179849510458997
3.036045946490714
3.115833332204945
4.047684115690844
3.0672807480017963
3.2983730945179985
3.035762087432811
2.9831214204446046
2.9722850005194674
2.8982221881580887
2.866393488009857
2.937016673202915
2.9779577237155435
3.5030620350461725
3.3289565163709347
3.0618941294816966
3.3163984814199767
3.0470355984842956
3.1940234571242816
3.0101921421648488
3.121417183535903
3.115604510085731
2.913357654498257
3.1476958474516663
3.1042501203087913
3.000273422873491
2.945276257097219
3.024067521715128
3.4569135998429523
2.8763736090571537
3.081026787118362
3.1515642759051143
3.338626083666824
3.016062715455846
2.877746603186722
3.000605140778882
3.670030593685451
2.774671417862974
3.00791457502475
3.0093009955251833
3.4646147472714883
2.9756003890973264
3.518500998266695
3.0126839958942884
2.999945371411408
2.9359475431424578
2.831933897756176
3.1996311505165353
2.889791464891452
2.8103631204438697
3.1124573167490177
3.306506071863276
3.1741730973686666
2.928901218858499
3.061228939860512
3.0252365393785876
3.1566234682921075
3.1202312915532526
3.2577022812185885
3.1509847765198242
3.088143060138517
3.0015769429899617
3.2049987795320902
2.9839465544274026
2.9845107527704764
3.2043616853952748
2.9183421133772502
3.042780082420518
3.2250066259341357
3.115707760628825
3.34824867490878
3.1981108981986024
3.4437880031493653
3.0397074968812006
3.032725245792945
3.034138023521251
3.017925741247612
2.7745440807244184
2.9074766627117845
2.979193551801661
3.0703417115008538
2.9776437597667145
3.0689557623483004
3.0249565321982113
3.4212309986577125
3.13277972806071
2.971103164574923
3.09399504151046
3.1410735195188337
3.587145583206261
2.983621938699703
3.177780714363801
3.122158397895131
3.0020745615384894
3.0817439079823843
2.928851265969463
3.2857849805298542
3.0864340796105982
2.9588029244924208
3.106161332120686
3.0585836496960064
3.0442229444491447
3.2589293983992014
3.164692793717268
3.061195043867377
2.8001447658188843
3.139161750886633
3.350827961553062
2.960818487805607
3.137581318056201
3.1060746184461636
3.189202411696952
3.492167478444325
3.0664804911415464
3.0760543804468132
3.053845589287127
2.9561417445256977
3.1375630180681373
3.6005380286400834
3.026801478636445
3.2242563772850215
2.831768495903219
3.1568608155010662
3.203899270646814
3.051075233829403
3.3683331167549078
2.879429626459361
3.19647206781278
3.0553934898551445
3.3027201427332216
3.145411639020424
3.0883633896222324
2.778546294207202
3.534374943804205
3.0806627013627663
3.175318394780714
2.766545407512182
3.216709942777855
3.1154586256842225
2.9909414564110497
3.058412650189208
3.7003706050933034
3.100051311470135
3.2575289613510097
3.0086957146113544
2.9925327548647265
3.1422960608387798
2.89770108294234
3.0844452134693032
3.100848232643535
3.245354383926883
3.0617923491571526
3.068441558522538
3.146610311644455
2.967002588059212
2.893740999189502
3.0072941581818498
2.912992089692198
2.858861371267106
2.801108379928789
2.8644688024747857
3.2049457752626282
3.1385704601094777
3.1818328588712386
3.0101459709823892
3.0498666726372785
3.021162394000098
2.942310964746866
2.8749869269507315
3.030952518278365
3.210766002878385
3.750182724160123
2.943315194681999
2.9488206203676697
3.0547396290886053
3.130599283975945
3.0460808278776965
3.0049270839568374
2.9851717065247385
3.1055950889240083
3.1228683660317333
2.972575844418215
3.1617689182531956
2.8214500274999175
3.087612879777564
3.1435273685874625
3.083404222721809
3.282752226095989
3.2160142754869216
3.516934470239976
2.979751675283147
3.840931410039478
3.1206853215055212
4.036351469539473
2.9184662248635638
3.077444925595652
3.9017058920072176
3.2641385752497483
2.9058891231196284
3.233048014381696
3.2110345380404914
3.096850344325368
3.0075769947365574
2.936358883694444
3.1050443815251123
3.2070914346893593
3.0677439186285165
3.1347601692120493
3.1521803985656103
3.0930464718217667
2.9698842144122852
3.1576761274053853
3.1355345403300654
3.3024111940804732
2.9825957131149567
3.081643892350609
3.368226743851972
3.134281740328403
3.0818511554128505
2.840277619170201
3.3996412336360082
3.179214892806545
2.971589774303976
2.956531181712419
3.1035971168443837
3.1289963233361
3.21684008201602
3.2119315004832703
2.8496658800489763
2.8251033933799343
2.883546409527845
3.0723776199679484
3.3952466834046304
3.201452923654274
3.2763380477958934
3.0212422080670844
3.526043317220646
3.123203180730594
2.9602618262656137
3.0585160300658027
3.2134299171866436
3.2336028772747647
2.985152270093965
3.421474477406996
2.956007799640003
3.310051421155892
3.095395077395364
3.0879253807336386
2.7618066888985275
3.2180289939296878
3.1727285265999714
3.1801673161061492
3.105102264636984
3.372496095703806
3.041308977886168
3.250746409424536
3.1663463348620913
3.0150536471527816
2.98113825840583
3.1734700819752457
3.7636403511091276
