5.5685151039466945
5.559136036012089
5.561802879566348
5.604904712679969
5.5649744422721295
5.611644403518842
5.565022294169978
5.590595313725414
5.6094062669627665
5.535725309728546
5.938500827203124
5.609577967579295
5.593154868263455
5.9118307704875654
5.492823694623485
5.545452282385304
5.869471092923469
5.515090577728177
5.521720327736089
4.662700635907658
5.59362018233499
5.297099219295793
4.602892463624536
5.375862366109993
5.98987776600694
5.482766934295643
5.522402024514925
5.493535591875576
5.363200549483855
5.515126762421856
5.391210915276186
4.856414650503084
5.887025639467479
4.436236952159748
5.591354536554891
5.5314194043382425
5.497726280914446
5.631578266746955
5.532138522268884
5.60176083040869
5.538567531518998
5.522046857245374
5.7185672187359105
5.395678832564615
5.634613284206971
5.5225849571376635
4.6861582036966425
4.973706592656484
5.470624746139874
6.02329111360887
5.94704756850626
5.263095423310105
5.2710612468757425
4.754458406567954
5.539760844016432
4.954766851776981
5.7961950070045365
5.502367475650406
5.390609869867292
5.575020473762648
5.586317992024883
5.355024304288809
5.45438829231818
5.247983356865518
4.743384902537021
5.510288999806143
5.011750227511545
5.5669248560761115
5.483462897910572
5.6683675649328205
5.129623046755427
4.808275194334963
4.846418120651149
5.766360602158311
5.637501665856647
6.042763087684781
4.901140367532047
3.1850849933341063
5.460616938011254
4.941732970642183
4.844254720264878
4.991824551542756
5.561815354269577
5.540931049464737
3.897591570775865
5.4795520399522415
5.2315488725631845
4.771581887323722
6.058463942236084
5.717652137715613
7.674780290805265
5.334397837373483
5.599981414252653
3.8805202256962295
5.674070380234101
4.908190865585215
3.9483522003625717
4.788489253936008
4.838868160782283
5.513602812830079
5.544858255933031
4.1136246900277555
5.355232028313837
5.030255329223719
3.9265107411524713
3.887979458682728
5.582954798659944
5.469345300448049
3.8244978421565268
4.9186378018963754
4.786908487655684
4.745630127685743
5.115787786826127
5.477907978756362
4.758902351758128
5.098433879776287
3.826919458237356
5.741467252873546
5.851763057594298
4.763713369963834
5.473872567014263
4.34737577120694
4.971415649208545
3.969400706400082
5.331871365277534
5.687247750932683
5.319171715082664
4.410637394712645
5.364160089012111
6.322510329109765
3.9296840183923
4.863646282701676
5.9772851581095505
4.8221551199179125
5.001924444182647
4.431110168019175
6.276809089955213
4.232570785763177
6.124257250920895
4.788995094159147
5.787609937668529
5.668724418533081
6.1233958325935065
4.811155544456104
5.777336934580636
5.090473674950895
4.569543553493945
4.440865334215265
5.215342661981952
5.409429244535642
5.550706399013812
3.8236913351475144
5.8568975577638
4.694372730536632
5.061749551442842
5.61729140513698
4.543365550223838
3.897591570775865
4.920201840334836
4.806448019083611
5.678494375207395
3.5307314570200274
4.496152248716145
4.888219750654763
4.577545406912975
5.588392673907196
3.6546031241552286
3.9517845187168135
5.653414632661863
5.359047146989138
4.571216284589099
3.646838707613636
4.539163201927647
7.148182325672433
5.639645885370722
3.8563339015618165
3.8909077015499314
7.59714737792862
5.223709380992214
6.714195094435542
5.518537181168555
5.117631022736072
3.951606201464891
5.112042916198668
4.9689753532926115
3.8586751257064686
3.9343115857127713
3.935082583747988
4.807281462601585
5.057056686904593
5.117024978797673
6.107866748435705
5.505380810096232
4.808500116071491
4.142029514309101
5.862571628425828
4.542105400442465
4.5329504997359145
5.325985964914587
6.02508617537986
5.7273501510774185
4.722690526758264
4.099407566147795
5.53622793065081
4.956538124649577
5.509412503511255
6.728674343867381
5.560983121696697
3.9414614522526388
5.253677859209461
5.492211076816616
3.5787321415084126
3.590155991086211
5.827717740106561
5.328463431743895
4.496670210217947
5.304497066288593
3.8912408579892697
5.400008789560282
5.870262053375702
5.991504298832881
5.915027515528496
3.7534508069058514
4.977417469132891
5.419857276933075
5.260065264706367
5.528727248628382
5.484752784543453
6.41021846935481
3.6217498709462204
7.38194349596336
4.9709130017574825
5.518277390265223
5.441944559723732
4.643098400896817
4.490312421392597
2.86139926943633
4.212671404473376
6.498614582755916
4.215012245294868
3.474513332002223
4.822200328537504
5.292197084202229
5.252641954089706
5.518771592257659
3.9606983621185368
3.237299294637401
5.002356783709816
5.4792627857012
4.172781206689256
3.2406726791600744
4.78169435612471
3.8416515586591276
5.265063412129495
4.894871350250583
5.768660346513363
4.61909527182012
4.76751149161171
4.064469766322965
5.623139348271575
5.57392510412725
4.640891317575764
5.300359352018258
4.206039622919907
6.25596390951025
4.271686863150812
6.0208305193173395
4.607121193595841
4.619355176884312
4.703275566142315
4.596288933377887
4.047193310750054
5.40898147350273
4.864477597052291
2.8826778338300483
4.702073276921164
5.550208678261271
4.189776914583558
4.563601847018882
5.9792742105539745
5.835429045002615
4.729060312140507
3.5224456440784495
5.5515040529704045
5.51770672630203
5.565858027855505
5.677555411705547
3.8637210647886118
5.442902888173654
4.111350727587579
4.3254587250112335
4.55810588856343
5.366829834938742
4.340329700980256
4.691659965575902
4.518027540488565
3.6580915562400653
5.365733725633971
5.385432699562723
3.629969658800301
4.953756850522379
5.345716393080226
6.209196925159249
3.9996213943062804
4.619313683702292
3.971901846532956
4.063676114535604
5.035031607211586
4.0186144276176625
5.451463522135118
5.430502602004612
3.894391023283445
5.738305203165478
4.283090710934401
4.94198788500886
5.343473248470698
4.856955817630201
7.0893055884288305
5.413958891271211
5.37340920629162
4.762632084414594
4.951481149334031
4.244056777993131
5.475521597560566
4.688790163170127
4.699273925150107
4.8108817417458525
3.906064527582717
5.508173138382368
5.5466193919991245
5.415049840490855
7.302903049844913
4.37987652058605
4.078379699226836
4.405504740337928
5.819978771233474
4.491821248256109
5.3177759180290485
5.407935679888723
6.8784521237059355
5.20691842339906
4.573910269144195
5.41009974153364
5.479076944609646
5.399909761682332
4.9690320240814305
5.381708678022113
5.4366053279206445
5.0399732951693546
4.72546603978396
5.483187930030745
3.2922201431202
3.0098212435929605
5.056594119807601
4.59123124095005
6.2124905711818545
3.719358855952775
5.160481438694193
5.745533103509656
3.1213183447287465
5.297566037806783
5.549887810984034
2.6215571795747117
3.887191815703315
4.627236645448765
5.577131950271433
4.68124544377109
4.031868847382338
5.590572568678827
5.240634517926544
5.220409310453466
5.221078097840644
7.1000793403040365
5.313975357972617
5.223754728038997
4.666243693433559
3.3007953067445843
5.525698731966725
4.865234721438391
5.1106517239649225
5.836267581865565
6.006815674674883
5.219406245086979
4.940077112863574
4.742034986958396
5.165870438801449
3.960567129173484
5.4142112762932335
3.675451469118749
4.331247473430545
4.300470023747433
6.142532037219766
5.505262145936932
5.328315989180571
4.169839921168946
4.7400582808628595
5.89459096714902
4.488470018659605
3.7172188740617598
5.202240414029433
4.454492960879568
5.901621352762187
6.13142414668544
4.602610716465359
3.888583153462201
5.219904189512155
4.1349635255155786
5.758785325914326
5.079046054105347
4.57744320189472
3.902004090113685
4.590201335103404
2.9571233772640113
5.958795728272777
5.837124810386618
4.867332665407064
3.9450167859114504
4.202426919807912
5.332084131770948
5.117651153780872
5.725042889339355
4.822661404680142
5.1015565939686365
4.669807233319295
4.715019095848156
4.933615975615697
5.943388416875058
3.4712156743749736
4.6175587449082185
5.259448664161789
3.715657111353093
4.539459574382791
6.162765173201812
4.296729428496095
4.291705571465012
5.918582465172317
3.595364303607707
5.505052919709216
5.420644420617149
6.450811192170563
5.137597242236438
4.8493401746976295
4.403442311844986
6.127936173249919
3.6190358306363866
5.7423676413099045
5.22400269061872
5.2992720618422995
5.0765095874838515
5.552391229916077
5.8379596469315445
5.973022272194219
5.040503791268193
6.056155343631344
4.78957817734393
3.419878108564476
4.1528137195123795
5.124741073103747
3.7165828227485695
6.941738747136276
5.36896657970839
5.253836864444258
6.664432655685415
4.93476471875689
5.156902660854187
4.104708413127353
4.530189496120622
3.9330067649529408
3.105517078877002
4.316101552953259
4.924848549154966
5.842575102890095
4.774813617450761
4.931368379664784
3.0162586513107326
3.7110904973036374
3.1866968932731243
5.573169175731512
6.439203720829472
5.3839952930617265
4.84737272851744
5.656658079825974
4.85996508175705
4.971898178189222
4.7208279823146455
4.371218547414635
3.611226263561392
3.420312441406132
5.808809369119032
3.5980699599678374
5.448231108553726
3.798921708880586
5.37915770217815
6.296290038890051
5.102103831423221
4.954411789708377
3.950642347871384
3.68249227251683
3.990507216344288
5.232974840625488
3.909668689573871
4.228005694728397
5.146291986749884
4.528611147790087
4.422644983720785
5.875394678721856
4.055877680766689
3.5719174450099884
5.234022766171793
6.195770609127898
5.801765864690937
5.223014360972728
6.608848962480023
2.981905112193131
4.96245955431859
6.2029008346563055
5.394575121422177
5.326696384073026
5.400684159615914
5.311094179237964
5.550571406768958
4.577242801486646
5.573068323408405
4.082048816336807
4.298321509850327
5.062087154290564
4.778724815129481
6.2881792278012885
4.827822664032187
5.265557489352369
4.9838612572809895
3.6331439944883934
3.5983790423028097
4.162977707211816
5.152072181368213
5.170986243822499
4.834523416108503
4.736891784257825
4.292658976239505
5.567184642632004
3.4307875001696213
3.363253483286109
5.585542974440902
4.986597780756558
5.627996470947306
3.640887449861607
2.859857822952004
4.0978029055233005
5.235867291534031
3.928474840949027
5.515734734514954
3.9328630738926367
6.241055272344649
5.694983306602894
4.746129702430901
5.257547084008205
7.778849746080389
4.274227002314248
4.099023713597065
5.490225517355382
3.868872623853509
4.687578029264403
2.9220124788952493
5.575302170128804
6.921987330217611
4.822686683526344
5.684656941331726
4.950918792211036
3.5347198337300307
6.077322361009632
4.472700105844648
3.981622528316028
4.929921597503759
6.1628378913578326
6.650955037121275
5.76000421362075
5.235199991462565
5.328087490152688
6.320705916650631
5.565494813886545
7.286437718832131
3.9403620164368527
5.619868444100028
6.014466221728913
4.157425306944081
3.832447894222569
2.9911959654612374
4.812403103608183
2.383842017244273
4.620576802982474
6.207870530127456
5.270769952419263
4.934992842883736
5.726651330299575
4.7207906049539545
4.871172103401879
5.50223387590006
4.772531415092461
3.864114622061698
5.60261484903954
5.515298020785906
5.719254906376405
6.644455692954851
4.375732729116511
6.223803944205393
4.410195519267696
4.709761562528072
3.5975808009681796
4.508673533348814
5.857559698197362
4.224551667603689
3.3894215266571766
6.49374408168932
4.893278107000604
3.711091599773553
4.395925923985832
3.0884895363065543
5.19609985378321
4.3357850345378
4.864893229201256
3.8804606586447132
3.578113492148468
4.046901106774488
4.171467002791411
5.072185137625624
5.013604662777896
3.6124764178492272
7.861522908402136
2.579395251166195
3.6031941779472656
5.0970975443151225
5.820618733872882
3.935558191417894
6.407894417405478
4.332077268364244
5.099367112192477
4.360632612816181
4.164924252859566
5.586574623023187
5.066478432525572
4.092171484443036
3.3662203765736027
4.443738026590767
6.0062281853074975
5.418761155936997
4.913042445280588
4.769353962774081
6.021339305527881
6.37262050367108
5.521533542708482
5.607924742748098
5.938101049582451
3.032834636798807
5.536503680945449
6.6847013819041905
4.62377148321047
5.575390267720605
3.6003461818530997
4.572927329517863
4.72841472792581
7.005052131494267
5.613314981163143
5.11814139627634
4.904996195635593
5.907728379008588
4.523527777980155
6.195140712677679
5.006578816141637
5.5550720082122105
2.9463436459673273
4.315381246288595
5.083830898532359
6.694285436849648
6.231466184318252
4.859045879513161
4.913047538064459
4.543702560930446
3.903726278903914
4.4876699186848015
4.694660063775149
4.614704481900064
4.1232781300509345
4.909573128634127
5.92754442022397
6.118920500485195
4.646077632278223
4.548340912847262
5.411471145806518
4.179370748540149
4.246619196535517
4.3056865755461216
5.693256596913968
4.2495034461666314
4.031455080707327
5.336133607541848
2.481435428060796
5.450804856497271
4.329735524942788
5.693223225244019
5.569088537542459
6.772311506672163
5.547146183307573
3.9974180734346967
6.290151554850558
5.229637486101316
4.849345349321137
6.927125248431078
5.126921130835624
5.6229633540243835
5.828499305490782
3.883162218432077
5.584178375269223
6.267058739359284
6.271507686621296
5.608408578820355
3.2222091844583702
3.76500082127129
3.0443383098207044
5.835584994971256
5.434950572535504
4.422924618004952
5.597381051121269
6.037893570265365
6.658583827480851
4.837616383332337
6.8791223546302485
2.9711216239696157
3.9211662621575503
4.454197429943433
6.828854122142728
2.801777242963847
4.81789712854081
5.164592274333939
4.53834232107079
4.895289086864166
6.274471154079948
2.8189376253390237
5.455493957659511
5.6804015521166935
5.021639857393296
5.67174543180479
6.304313487053854
6.12837914053795
4.262846190095523
3.360990316834278
3.6960396287427084
2.8358906134427064
6.026171202424231
4.016647079009371
5.5809531787591915
3.5399449502575893
3.505409030876648
3.5891621757030014
4.767638062564611
4.602691974278459
5.106537197499445
5.5021681455288505
7.304738651328309
5.7101625100649045
5.055619628986912
3.2934501097676776
7.610862685654777
3.7889088928572683
2.5879261714526147
5.552885690563268
5.163223077857285
5.1989656714223305
5.133199178322604
2.498375744524311
5.026654456077305
4.431110168019175
3.654615261725703
5.058733550149009
4.6719659236973445
5.285247134880853
4.491060157177701
4.008386433503422
4.635530686270505
4.0300685460832995
5.65059506234028
3.9181622392499404
4.463228597591099
5.377922617372277
5.209730410194611
4.921447085117101
3.602979864151692
4.889480781805813
5.252686731938209
4.891776792308129
3.704492166962394
5.814139260766086
3.899891735537965
6.354239364977808
4.236742205123452
4.378589191673614
4.764006184036775
4.629902933174923
3.3482146171130367
4.608939638369701
5.300495890960287
5.4719459922238025
5.714971104838985
6.239420719368223
5.289964642955306
4.985463729255214
5.727909834358634
3.1370875234838733
4.559873647636072
5.495119148163202
4.580701102916374
5.602299871764797
6.506608932417297
4.0439123234195655
6.862719978616322
5.321640407835117
4.526393990446285
5.250311747970124
4.98965623765301
6.2117872643641565
5.480191503853757
4.797761417372208
5.983789504608899
7.005077765254406
5.961095378178603
3.4100900291074208
5.724937140380536
5.7862232977090695
5.627456739094824
4.047999846107549
5.60851891132198
4.866847516773815
4.129295842076238
5.9015320037449195
5.155392920139951
4.5209870918751776
5.906376073667168
6.459156247591773
5.807556257230336
3.8850772020161353
4.879428389237691
5.205892062895154
4.838214728447939
5.0352805632058795
5.857373811364351
5.645382532883044
5.090956660442022
3.984122514178164
5.844890847021979
4.119092260845071
3.9109596311852948
3.801969823787064
5.2056925292334135
4.690844422165043
6.07993396557495
4.42612208852282
5.243337497806207
4.861441818176198
4.90971895767087
5.0155469693312345
4.687590965479886
6.434140105610771
5.1664779381206625
3.03617478510509
4.807726820228693
5.553226736440321
4.614276583723425
5.987283210366867
4.637434982156594
5.0245040364904305
6.093103716771639
4.9797660696228565
4.254219640178394
4.476170679539022
5.4382751099001245
4.837703071110236
5.017204125447769
4.1692795305334265
4.461862943658503
4.40385425464144
4.947987745438134
5.234759575123719
4.510886736676456
3.6260613115937166
4.899810621964697
4.798856059348342
4.688276803794137
