3.0086602801148365
3.0267971651855614
3.0430462714459012
3.0261681343227895
3.0416932181903378
3.0432004060736557
3.0668010887201635
3.089810180643845
3.0334282625217566
2.9922713687225047
5.579518662119694
2.973721722880603
3.01371972261646
5.530492977961591
2.9923479003990776
3.0311286246540066
5.41546566740843
2.978733348049765
3.0389894497595065
4.210503466597403
3.0527782825860155
3.4292001726306256
2.9553824966191677
3.4355698003194486
5.564384830848791
2.9724654949775884
3.4099581801117416
2.988263989955411
3.460495005488479
3.0468190460876388
3.4522709028427774
3.45762775858512
5.405468779292168
3.2600584604366434
3.063514154659925
3.0121771793941514
3.480264526555732
3.014602288276288
4.8022522788300535
4.9516201825110775
3.4574718029037577
3.460931021699541
3.0391974599771765
3.4646844146469666
2.9331735734442326
4.729216232821633
4.209103872439692
4.3410524447041565
4.7361457633775625
5.551974190558729
5.27454026754973
3.4378839290479632
3.384749888197265
4.214551818139776
2.9282550231113436
4.332948540890778
4.868477063459341
2.995460846210985
4.301189917322187
4.896193088162722
4.728229755247695
3.10246373498552
4.719673733697734
3.310496262727745
4.272282067744747
2.9416551073964925
4.3906310174737975
4.903236797929404
4.766155039553397
5.047035758495173
3.4832761445791407
4.316650196745822
4.429555305246475
5.532652512161828
3.411298745041109
5.818904419119436
3.164807581201953
3.0480435632584926
3.0878168849823378
3.152217213018963
4.461941671725409
3.333151503710779
4.787776384846019
4.757160271194816
2.923192000562224
4.750060722728973
3.1029420924665616
4.281401031848311
4.994643598265185
4.861754222802672
5.66229748088346
3.3426689628410444
4.899787807434209
2.9588116791166543
4.93415976627387
3.160166591757891
2.9557902027196743
4.31697983917638
4.308935336364751
3.4447775769733298
4.45798310957956
2.999103289808816
3.3042630277434535
4.679965579224555
3.032181304486809
2.9673098712462944
3.109123645041343
3.29002161705844
3.005225649819726
4.590005851126227
4.449134921824168
4.523497281210487
4.510138943832914
3.439357226490009
4.4189763674875895
3.4534288159546964
3.01808895099739
3.462890706473574
3.300101026185323
4.4196408989566995
4.836033556989099
3.008935576592194
3.252400596223548
3.0067436734853694
3.313141371297843
4.790177006274741
3.3259159850096056
2.968759199848668
3.0268571659432766
5.842668573676973
2.987867745144876
3.0351024389611303
5.171523804655203
4.470265609079505
4.704270604053316
3.1066368337439036
5.836001120665585
3.0909003428283803
5.568457082939547
4.208871091130751
5.162499733288606
3.0110554955165654
4.9789025549141686
2.8627408884512966
5.042978461617686
4.478527794047954
3.3315654126931493
3.2417267327235946
3.0777787186816927
2.979952276027052
4.859623926970816
3.2388494927290292
5.540827941397075
4.1818012562169375
3.344547011355846
4.73963405467959
4.136669159126826
2.923192000562224
4.251492450420904
4.298945776328641
4.867648175363278
3.0443692277307526
3.016196023871941
4.543172167332114
3.1322624604893012
3.0069586882187043
1.7646779811603697
2.9980784659853996
5.283216016324839
3.4046341172163253
2.872833690958976
1.712237949167792
2.883086095243609
5.137410816393616
4.916048374627895
3.128355700409007
1.8174656743505826
5.895590209069922
4.260418648490386
5.779899035784453
3.0706354019866384
4.257585881996257
2.99597510112178
2.9937500526146166
3.45117336707402
3.0190965660397513
2.9410739743318053
3.162982766352983
3.0753281283414213
3.3424326800797126
4.313658512563657
5.5595616563196435
3.01478903164163
4.3546808259617995
2.9868417937691785
2.991658354311374
3.738593443702715
2.9263833637465577
2.892604294680219
5.542683289431471
5.019298366352113
2.9219282627184833
1.8238047308459049
3.249607882807706
2.7817232574112882
3.0822780812912947
5.874179121255077
3.3542653996409193
2.927968567976581
3.4325109484756924
2.965015242735603
2.9813318066552195
1.7246142793713164
4.9782336142844406
4.854485621762676
4.197080761036734
4.27220981499549
2.992046977869633
2.8828992154252253
3.426285923339599
5.479340979025696
4.368232623901301
3.0764372910479727
3.0228382268582985
5.185658339805932
4.7022845901023125
3.31750129993893
4.771794556903804
5.798794466661043
3.0664930055046176
2.93585056380932
3.1558631083775612
4.761922017301899
4.620120015382149
3.1135285292102055
3.003245459487757
1.8172627775994064
2.9821531389699687
3.2136653120408054
2.8832788253590866
2.9910428947980097
2.9414441016026855
3.3997542430222993
4.857954666484468
3.280874099485456
3.0223609785666037
1.91453407067927
3.4408555744277223
3.3783184860386286
3.075476419968616
1.892191985692744
2.799800939836431
3.088534424667996
3.196006718317963
2.8585998726533886
5.186398624511522
3.1005873853869015
4.322197734645711
2.9773216082801475
3.1188334699647524
3.3581430596864457
3.983990104664147
4.377280112181885
2.8360670408728357
5.771742457848414
3.2823952680738016
5.492845904044593
3.127492245701064
3.063936687192249
4.333814354034822
2.9680975132055516
2.5923066939557504
3.3792134425439873
3.0851463914665698
1.8232642711640945
3.08066773317184
2.9626863409152495
3.2094500391181393
1.7956296255827637
3.066053386482241
5.285296902918389
2.915437078232916
2.9512671803499506
3.0275170037733625
4.882431068395563
2.9571817612310705
2.666700336665749
2.9099621884687563
4.974227911137655
2.9858147529956893
3.01720974484729
3.409623651507268
2.4807863781557633
2.917488910094614
3.7791540707455815
1.8017690796123502
2.4696950326799207
2.9942450776043836
5.169382885824173
3.0526337445277045
3.10965864439694
4.70445732446245
3.0780191560087053
3.100265544321844
2.609731581211955
1.8625410297620615
2.970585448954399
3.289957140140875
3.0804697336127465
3.375037706944834
3.4066921233986402
3.294905917791896
3.327589369188199
3.118900866017894
3.1409472487524766
3.203283072348017
4.512912941292939
5.252040915569981
4.30962028270732
3.0685658783282355
2.903607799086281
3.332052336572663
3.4046583815705196
5.238449608076947
3.1183706704980567
4.201815059780621
2.7353224477600073
2.9448581581157143
4.740915663254538
4.766282136865642
3.4836065890545203
5.0588449818123165
3.356489309064632
2.5714197526079823
2.8556389273304967
3.063022508840466
3.080889829285863
2.9466944942453206
3.4955101464101053
5.245302765443358
3.2250973884778853
2.9278420014991613
3.4870544400081354
4.309095062410319
3.118036817794264
4.600468265333162
3.493545456934324
3.4778983571385487
3.13225340879036
3.50388192163715
2.843710214143574
1.9039191175643728
1.8604016123357867
2.97745114478704
4.302549009179043
5.634669078453815
3.0350039108506777
2.615190712982327
3.057716053714253
1.9538187829737825
4.426593936522669
3.0310611125561664
1.7124398363474516
3.17775579957005
3.4811868999199125
4.700405383224642
4.168698059391467
2.6428543658032706
3.220077300831358
3.347265341184535
2.597229165156762
2.601099789940121
5.355298178012228
2.6625806340731972
2.5923330440177184
4.215461293439457
1.8533321759568064
3.035248318094632
3.7869359992598204
3.3822775160401646
3.3229736856120913
5.325923952312301
2.5820965502267827
3.8874643935081417
4.230878834672987
4.528084116239231
2.9752659400120787
3.348905590215065
3.1220893482835175
3.196024044939377
2.846944395138424
3.12610978037979
4.350420602984427
3.441744064573691
3.0664285626061023
4.241061307550528
5.552049165272662
2.5570897770036405
3.004960759497816
3.405840529745963
3.4454804603887412
4.761370612445979
5.532963450233926
2.857147986417369
3.1868313493407063
3.0194051546070177
3.378093213592339
5.176207771647522
3.3613122108949725
3.7353502114397132
3.0644357043412542
3.6953245562047625
1.8167665695595725
3.0027235715699354
4.655086534949198
2.6440094859726466
2.893950001490027
3.12078895595687
4.307880486493591
3.900396440039052
5.64672548890197
3.3617694470082853
3.0554295220884953
4.245100554858189
4.2239819357740265
3.2717820581182337
5.194849195342944
1.8474605654287155
2.991503676202603
3.492620447265743
2.9937603655548997
3.0879667727008093
4.018033896721172
3.2031223713056627
3.417246709409504
4.7282398938694135
2.8104810873371173
3.3062423440490396
4.5797628441019915
3.2394063359771375
3.0420087397762137
3.955634285201023
2.658727316124425
3.3165927594044615
3.129412206288863
5.3183845056209025
3.110673888169281
3.541303741353384
4.333760532398849
3.5040006083511672
4.927792459077662
3.125403349931345
4.382647771848531
5.638795027553513
4.397104622346028
2.783222373041851
3.330781761779439
2.5832899989387537
3.402526280395752
3.563690569014585
3.342977232513787
3.3542561717425756
5.832379676304312
3.544410653715352
3.028676506911327
2.8138771166219017
2.672178845648507
3.0537330509494556
2.6605456892638393
3.513485339577523
4.046825309537049
5.472231590716699
3.4204743587877156
3.189417036715347
1.7691613962464612
3.054139151270602
1.9312841130220881
5.201810654024917
5.700479419586872
3.0838043856448873
4.536315812687436
4.779663793692101
2.9725341817466897
4.803900603993252
3.6211575616845884
3.2353512800306845
2.513358026250167
3.105138830424166
5.575385119796354
2.5642976805145157
3.052886546553756
2.971607952119527
3.2612032687253767
5.228661853106625
2.6319746890197817
2.9446333698491824
3.265164456122341
2.5278534952226237
3.006600606520219
3.034354099622323
2.5341836372803073
2.9216444438762466
2.8764134246210804
3.1113575702802985
2.878160016001642
4.866902643617261
2.9284456783723165
2.925437121170165
3.6385836467717607
5.569475671393934
5.454447763373243
3.0509177177425215
4.246626017283878
1.8055720957776247
3.24808855585368
2.9893495764577676
4.5620885263770985
4.796788506999909
4.541061895993478
4.382619676188326
4.64242893383496
3.0355007259077884
3.2974943992405845
3.3604854416909573
2.547072567798224
2.9976613226808104
4.309812534991976
5.840089910589134
2.9252200798084966
3.0793775902564033
2.9384716013637613
3.3808614714187732
2.484876956516793
3.1461798119675963
2.943013656398594
2.974454419081457
2.9543918971891956
2.6877995827838794
3.212411829532024
5.011555427631983
3.01567024250025
2.972983853641179
3.062756534068724
4.213117907917049
3.142555462023868
2.810481115184076
2.624869321109182
3.34800195196723
3.3539485319178985
2.9815141813940276
4.755646077447708
3.1610377194691823
4.952827798946585
5.144500672270185
2.957135217057906
4.262525539169224
5.394634992295762
3.425700595915589
2.934809309698371
4.202375680299187
3.121548200573126
4.1436224624039015
1.7520901007064325
5.199018468262534
3.1031917363434087
2.8646900177501644
3.474799821167616
2.4812913324652563
2.9420138777096545
5.594256483648529
2.8368824567782416
2.5374597527195304
4.479551311921298
5.317771970759358
3.2901250745180173
2.5340149053781933
2.9955033095404584
4.592555161538347
5.138870740078193
5.321978633147993
5.986483225157272
1.866537019234783
4.872949435960284
2.4960983515627637
2.543826728634031
3.0663378179838676
1.7799558879643684
3.163910313950865
1.7860320983223188
3.402248869036588
5.461505994280592
4.919978766625584
4.153607281329942
4.784769110431117
4.239007285746956
3.0015641370932693
3.072362262062269
3.4681002848335543
3.0302725246007904
4.0040752566465185
3.3661105197668886
4.616447999135167
3.2164751839356565
2.999602046325023
5.416372074623123
3.9930081187625697
3.099799423373507
2.643784684032961
2.9887956384169256
5.555754038149188
3.0836222577446266
1.729071166256907
3.257073646630641
4.139008310474136
3.1707309027692068
2.9290276779139597
1.777802129134664
3.0721004217840346
3.3870218458014123
3.0243711741219292
2.172837455125475
2.917253829436437
1.7619419047405966
3.820956518197002
3.098835408051718
3.0081694579511797
2.049638373974234
5.610740793909695
1.7104897349395423
1.7926049462374192
3.2658409077086348
3.049747696815851
3.1377453620475912
3.1888810329822115
3.3281249238266724
3.4732542885039233
3.3825218758676385
3.819203465581955
3.353515276529002
3.628379451263539
2.5935889382067057
1.8616526422645792
3.0972279832668046
3.3940087408095483
3.206373606866173
4.6223663400551205
2.5160363109846497
3.3957528763953646
3.2405244329201635
4.226308988001141
4.920170011565267
5.6967937934013575
1.814186324792956
3.270744968347942
5.315792779730496
3.11559292469052
3.132130492164297
3.209367885238076
3.107353624020356
3.144709957577917
4.933022071752496
2.8975623457207424
4.514754011651841
4.6173169604015065
4.70214070290305
3.0919063413638077
3.1581434375882407
3.0180443059708253
2.7241255872121624
1.7812717371441171
2.8750589783052196
3.3749648812642468
5.238466595817012
5.739015950826626
3.4278271927342736
2.50585148277999
3.172187384800494
3.2846306542287347
2.9536672091351655
4.084752825378499
3.3752171979197207
3.479306553188531
4.299069795759018
5.043226675077627
5.545015936673141
4.211570835810482
3.044636558104986
3.084325950202008
3.7269941619057705
3.140406066492123
3.117860625408307
4.706731098523047
2.8396118160215265
3.0702299142001634
3.321995994198846
1.8723650385850774
4.856213515968563
2.910685640361974
5.023386710260593
3.229845752727838
4.411043412745997
4.964358648108692
3.1045622334068614
4.452119571406424
2.6255642295946493
3.0159202541283685
6.550113345345354
2.9973880619342985
4.748436609238041
3.021538292471655
2.9334110550944223
3.081568208351452
4.878844563441347
5.624578061916512
3.237903206923763
1.7770521627121552
3.1094541140152128
1.8105854801841064
5.414739063476297
3.3207631347202997
3.5857248764443077
3.7674291470401133
3.349852264023164
6.235307195595931
3.3969439365541536
4.512925736941617
1.7619045849776578
2.954037530686755
3.0998493386099044
5.889065212062668
1.8952093006838786
4.217970236348386
3.203116960334898
2.6137602093148185
4.2180632199692845
5.196405759382277
1.7043485691382438
3.2188774676816414
5.12541846001591
4.301881324551975
3.124447385171876
3.11580690096872
4.619273743786979
2.4227350501638285
1.8213509210180652
3.10283910653285
1.7326020250712433
5.016902772521492
3.19186267709813
4.834654257078352
3.058484415843665
3.1955119062431874
2.5006514472312964
3.778688034631106
2.609323320365736
4.392942333586749
5.1965803732286515
6.231285307238398
2.939198192940186
3.236173193770212
2.6824533032634155
6.134852475188326
3.360274115378686
1.9799785985974738
3.620189852206901
3.2695948811259825
2.4492815747770624
2.927539968001402
1.8792905650581206
3.0890242405371753
3.1066368337439036
3.219091737216901
3.4974805362996726
3.0786902650756827
3.4678345477853925
3.8665878831499163
3.1678949497463282
3.0569375412949578
3.19104998449148
4.823378131715415
3.100233903042427
3.940351784741741
4.188375242993255
4.235244010173074
4.116511296887028
2.6490508159662824
2.525174935779367
3.4656099060218737
4.2852499789066165
2.8985246414506487
5.4421528074129775
2.9595264579115153
4.959522506482414
3.2297870166057883
4.079894011270257
3.107042144718998
2.9167427724572472
2.540419605745313
4.10976066701938
3.1495949155329273
3.0179188586615164
4.664076106209528
4.888356415537944
4.097468139849484
4.401120912617986
3.547732377979439
1.8368353790866248
3.8173746479210986
4.935546939709586
2.5773120650247194
5.247820771458744
5.831496537980437
2.99926737374549
2.518021389623745
3.32997655743256
2.767992010169102
2.4011626113395774
2.6134709200865895
2.9388635979493314
3.0047690377231957
3.21819433837622
3.0954753787588243
5.827078461699102
5.859837251015234
2.886281777799045
3.20974832441909
3.5208174564111223
4.88056529145067
3.1226549091767177
3.0899005393399293
2.984216760854639
3.1477714416367655
5.360167936712362
2.892558064219991
4.273596020843615
5.629625870194327
5.527368695943757
3.2325744759692503
3.0777618900163426
3.4971749038954805
4.473219504994167
2.638436541290834
3.388101191131117
3.7174642362507755
5.1127845787152495
3.0731413291309515
2.558737642240526
3.4661476243940217
1.7890921451652009
2.667187306115616
2.895035328322914
3.372113536585148
3.131599744406769
3.145708252423779
3.7123635968464104
3.21412822186244
3.0968455759271185
3.485096956388532
2.9281430209488652
2.766965177066696
4.51828624395557
3.3473226831275613
1.831480324965113
4.382841153862391
4.986689910446837
2.952286520446718
5.147124258450526
4.231259845725957
2.552698698328317
4.699229294136073
2.9600458274242962
3.2814979873479775
3.1546415628094677
4.593864322421565
3.172655336410357
3.195048165399096
3.095661464277494
3.1429027690976787
3.2646072914232547
3.2529563241831525
3.309534929718703
3.5512785229144983
3.180447888608125
2.9208406236865727
3.0318825649930736
2.979744370150647
