3.7456927623800196
3.75003895468096
3.7653254456050522
3.7395767219021385
3.748768080456584
3.7598909600296686
3.754865772693127
3.7538765631184745
3.7461908332532747
3.7584743509020457
3.9906261038717674
3.73395949016781
3.724776897091298
4.008631257075467
3.728803312064878
3.704876981007016
3.9767254938334924
3.6916617760062724
3.7105804863971485
4.290021961074771
3.7281716319536553
3.641576077128131
4.757142203926387
3.645015512983298
4.027814528937789
3.6971109179608392
3.608492721498731
3.6501340099292188
3.6352322423652605
3.61699686785731
3.6442509061897104
4.488516655684529
3.972016080875801
3.8218924023845755
3.751053196650603
3.716739076143319
3.6637276588417746
3.720412492140536
4.513362286694239
4.476820461190565
3.5763456870848405
3.6350009902750227
3.7148827174799015
3.613917844093524
3.707861339680746
4.4987678444725505
3.7824977083360873
3.9504575240172817
4.484826312274487
3.9464763973865535
3.8126325668604344
3.6502110131904315
3.683969344002802
4.348087604766034
3.7029049607106606
3.9358308253821606
3.6898252654530426
3.7141209098665393
3.7914795061928657
4.495258971768616
4.4907295093018
3.665257041416795
4.5679756161079945
3.7249895045974637
4.293643064958818
3.71038149311773
3.9421571573955716
4.488664614634299
4.424117879106012
4.545847633254105
3.669819865246314
4.183325738206276
4.216638650161832
4.059255195757613
3.6565598373086123
4.5088168175945
4.053920329778091
3.9865635674834854
3.6504723995007042
4.003878255267945
3.8871301657848623
4.236945589507401
4.546477149206428
4.537579764989273
4.2084328918920715
4.435821107512208
3.6493997362021604
4.225182729256899
4.154503658409342
4.444621225471192
4.356261268666151
4.102623342309253
4.544688595510527
4.2133001975037345
4.568483124916144
4.023803532118097
4.246853724330569
4.199010191106157
4.216993893057891
4.177534624873788
4.860954461148406
4.207865613532569
4.390077287135206
3.926178278235038
4.253076346949204
4.244558011812336
3.5908160961237283
3.6626368298476715
4.28430988038789
3.8866619893492445
4.2594763075655
4.2281760532433195
3.9356358378164202
3.563833506450915
3.716505580711061
3.686557468373153
4.204106189004083
3.6487381054865633
3.460334381058905
4.3734287436032036
4.496340336988347
3.9175134433549834
4.031826248384234
4.23456651836781
4.413405127260194
4.441711797858028
4.361563047023763
4.154119976097608
3.7353794792623596
4.7476105139736315
4.239171526894339
5.544530116452817
3.735388668563706
3.8240977847173827
4.296432427223485
4.327793568670956
4.741196172164981
4.231908943364127
3.8993443195830677
4.231696155017743
3.7099731448836097
3.7707499104819977
5.046680363448364
5.3012428081067675
3.705701525416213
3.776547671358555
4.155648081312496
3.56730638585951
4.3335542193966665
3.794007439006922
3.964769713826271
3.970596645844978
4.381941004809882
4.173705717196462
4.189077726382278
4.441081785389823
4.273268399000982
4.2084328918920715
3.9668065066334943
4.236013187795322
4.79989584916809
4.143964332821481
4.309612667936076
3.879463455561682
4.32536198267046
4.2122462321962475
3.811297151983293
4.28721207478697
3.6546820185496935
4.731473250318795
4.356687319147131
4.237766011633772
4.355382559444688
3.7489831164274707
4.607670187640739
4.010505027383697
4.4918329545922875
4.467709226346138
4.130722787749697
4.908654176060013
3.77696346828785
4.507501646031334
4.287291987024012
4.018133560900748
3.743921680493359
4.277721903602659
4.224341232870664
4.134171299730136
3.9455915375891446
4.275706548993131
4.26569156344678
3.9938556407148997
3.821613830442801
4.128860520762097
3.9999576787933893
3.9328124752614393
3.6538257807896684
4.299479070982443
4.11851954850623
3.963164323287276
3.8260351137351334
4.630447224725341
4.465968518428552
4.702283252430382
3.781418483973174
3.9233012201379154
4.537558997136236
4.868420413126519
4.306595716408674
3.684827131062573
3.8171565979609627
3.5153332277687945
4.204994664862978
3.7254625348414248
4.214874953915447
4.051041595939494
4.08920256435156
4.317646896810658
4.230066703352393
4.110090892779947
3.9971224080606276
4.495319774622983
4.283478275337494
4.190738182786272
3.983892395216995
3.8068481549073505
3.7890967566225133
4.542544461133765
4.663130387796523
4.09407581515269
4.314193122062094
4.010495706198004
4.520277943126886
4.117413757230597
4.286813028006739
4.256189444985149
4.685754595260308
4.154980197426093
3.914607601741155
4.092315740933731
4.7921846561981685
4.586287682074772
3.4809490391913354
3.5618692128289147
3.6754107602847137
4.331827954412471
4.459089513119226
3.5002573068629594
3.779326463686418
4.6260462739291714
4.4409952998617594
5.2145959783815865
4.347279097461017
3.9737127691310237
4.24999308094486
3.8659630233305653
4.327932555892475
4.240272843071686
4.45838842770087
3.6296799991358704
3.8489136173161294
4.155523968432108
4.462304729385528
4.3253889444057325
4.756841448748906
4.403862668590241
3.9951352211212825
4.5915345485075
4.317199023618654
4.204283310866918
4.531957870406325
3.755828025538023
4.407579694076088
3.5984202086346038
4.714980885849409
4.321423538145645
3.7112229925625395
4.246155625735961
4.376803506637521
3.926802768705114
4.617632482994401
4.613143963074582
4.974151822497481
3.6226736308128196
4.517220767539372
3.8049097789934625
3.7346654397609353
4.580688214043353
4.431859406443172
4.241318266178917
4.272585191168185
4.426477899020666
4.456652218869545
4.436417603211902
3.761892675801348
4.345015048078217
4.630298884447166
4.235547083510436
4.155630766172354
5.213377944495112
4.265250820558809
3.945332887409894
3.563861993576201
4.18295010255049
4.997528250788765
4.410080439760025
4.2502154841525535
4.24615708738078
4.161070718401244
4.377705243483792
4.851001011814596
4.271683572982541
3.665870392961917
4.690180203553661
3.7029236067143714
5.087732590110825
3.986322908628482
4.103467345973021
4.906229276774408
4.207160783283507
5.218932156023217
3.7311990732032037
3.746635510931719
3.994398882451588
4.605396909442814
4.231881795660687
3.820166969460093
4.442509138837472
3.7739038990983516
3.9153159646093307
4.544634735128437
4.017223676636824
4.566478874589796
3.46604508996698
4.167555800246439
3.7549793571847667
3.5402062591317884
3.669864136249971
4.544526731240972
3.975369272047136
4.183407577521847
4.384816505181032
4.508745185599828
4.9817460218434055
4.260325427260395
4.12169719118245
4.502039410703058
4.5515006714349395
3.4769379773057993
3.9603385063943457
4.214953717311252
4.407733235406624
4.139989180478894
4.965265774652052
4.051745292905107
3.7755616337298115
3.8794096930743747
3.591316092587191
3.6050261916185065
4.34672514818671
4.512641539617192
3.7427043341159147
3.89795624539832
4.6327055450237
4.091131702247676
4.563423212410404
4.552933295779136
3.9988844663668934
4.129734934732369
3.6573514768254647
3.558787694583998
3.5599447986113315
4.202811374264567
3.5930093824178404
3.562240769767396
4.203943107934988
4.170041086939312
3.7254063116020406
4.4862224459972415
5.374016073577621
3.3454502526577454
4.038226023011211
4.149984238770828
4.198067505755373
4.350345846194398
4.305307270802741
4.310656243590697
4.39610776080189
3.688737849689526
4.288204699633322
4.836717679965571
3.949176695110227
3.946812459913586
3.6601666527721006
4.779535873495387
4.306659203077315
4.5285972250706354
4.055466671573386
4.359696261282758
4.103680596210804
4.460399026607744
4.797384740935818
3.9982053411309955
5.019912887121495
4.625442512745806
4.57477428556164
4.653681095086618
3.97707867299898
4.276916791655705
3.9260934557244527
4.135396966692607
4.769338252075469
4.043291610232206
3.5699110325039674
4.7404403716013075
3.663669010449138
4.231414509108232
4.304559645784409
4.206196864498503
3.9930083504261535
4.089721914743812
4.542545745494712
3.4290150272978486
3.92211803312121
4.346257145176763
4.207428429752872
4.369591934297221
4.272655254643557
4.538785614188288
4.324872626406512
3.7145054895013834
5.4905580575858846
4.031995532537749
4.407953219418426
3.7765724235243314
4.827730982608336
5.7391324438646
5.074676177778349
4.174314571283611
4.027860286099875
4.487692427961773
3.9825437151871528
3.9736829643989844
3.748523210612132
4.3108409760404784
3.8367545308961493
3.5553519930511874
3.7915533906764263
3.6352347378686316
3.952547399498276
3.889061218229762
4.535869493500419
4.12477453613511
4.116702177416887
3.9707580462136347
4.2578531692529324
3.519973452420841
3.543880732487329
4.475409561173708
3.9226788995714235
4.476453479960485
4.139155127870966
4.215906345903624
4.458316042147187
4.170206325610403
4.515038720198837
3.1436157113959813
4.252882799286633
4.074760074190929
4.3205492890808745
4.41995721272354
3.8991692582587403
3.5263291055673496
4.160992648825616
4.252131113744081
4.211858151523517
4.712118162030327
4.319614534698478
4.090820853618567
4.218626930128567
3.9518004230740926
4.610711076665628
4.107513303004037
4.320069677756775
4.447081970276128
4.240909440138694
4.645521028736437
4.406565373056144
3.9047704235560046
4.934325638037329
3.7573488096755963
3.9633094063612604
3.541652156380109
3.8328528482857234
4.106777905031409
3.579594245941223
3.8420716591824817
4.357413229397194
4.249167224499027
3.470427553646251
4.339747252941992
4.5082219890020205
5.22052967286766
4.677795165150167
5.240362115690158
4.477266858575559
4.564648799816316
3.953890707563697
4.269102893974399
3.8287600528642836
3.88934054632304
4.22465595111052
4.339279540017948
4.77520140746236
4.043386509464966
3.718533009208553
4.625745374147037
4.384849654635191
3.918571031730794
4.623754762490775
3.6947488824393857
5.185329949312996
4.450057299732309
3.669627743089184
4.7861393594543795
5.488477015039842
4.240937443275389
4.652806698279965
4.437250298340959
4.1376483327200155
4.27138930531217
4.1259408836869
4.257174554534979
4.659698861926362
4.348424980602939
3.899773496938984
3.831249204868873
5.138809665893283
4.287482295542672
4.52327695422562
4.890837015084678
4.101388127541104
3.7380071108729145
4.245078115336563
3.6671702124877776
4.193609712755355
4.712192671171202
3.990746700629049
3.7011914688185166
4.446323694758849
4.609113181356878
3.70314096176568
4.679110367775417
4.527835438920893
4.426442230969458
4.089871446064019
4.556600541467146
3.978256118524349
4.57033145975654
4.42954556176901
4.212006790528596
4.258020895837325
3.853156793359267
4.109161813891584
4.3141634187705495
4.545204713232248
3.639896131495532
3.8075072096981986
4.411413099309238
3.828602539751771
4.827610104633846
4.434106104666568
3.9131076145917314
4.441993022689664
4.406589104929525
3.849266419139434
4.4139170650758865
4.450193007354702
4.287996813408418
3.632078170222867
3.9649889650837316
4.096333258159212
4.633350230866016
4.389952987871677
4.169609935292176
4.3413202038467045
3.896847363264413
3.9775767072642827
4.303557311236103
4.800179790402754
4.254185904344862
4.074544858790391
4.066919782132261
3.8611163842558973
4.426603113467747
4.5137120511124005
3.719658026939561
4.508861037866923
4.3524156142847055
4.471129790616471
3.82954309786674
4.435819141490266
3.6639392991279824
3.644043747872213
4.402645870970401
4.3185191167778365
3.9672575512132893
4.7432223677850835
4.405654756222097
3.9392929304947506
3.9486528339199802
3.5836911654425716
4.216509638720457
4.498456047635561
4.41505701067275
4.395893428321967
4.4351112574206315
4.260713972368637
4.210675933270217
4.528303521618695
4.309870786481037
3.9281790505795566
4.6438498920367275
4.178100577010714
3.684622461342056
4.320809432561926
4.804510490009671
4.445037299210768
3.507818095900152
3.6711305393966054
3.996143548820526
4.010792613020863
4.3384872935907985
3.5961945118659067
4.412357326114492
3.8109489591402905
3.7537810760371384
4.346722015805234
3.6724336709778025
4.230577983947585
4.724001150551044
4.49515647568203
4.429105456202073
4.200782182916749
3.904449367628023
4.250601371948098
4.447437584414448
3.7561029449225076
4.103663977870394
4.702583926750144
4.823618536302162
4.657717460892345
4.294961126709978
3.728872419493353
3.9826383225603244
5.440419602930048
4.285617635716093
4.945959018005326
4.382983143790659
3.80193434736096
3.7813163616962666
3.68790397627751
4.7326630163077255
4.230254854322997
3.844944259185766
3.852859550608949
3.8381939039348736
4.359376183028262
4.105319246270161
4.3464784324555925
4.462117708547403
3.6910740117374052
3.7028031290241934
5.08510898936611
4.250787739023482
3.76278358512499
4.132539040142264
4.212754367426857
4.6310459166259905
4.440295670640519
4.412306981284734
4.404851648184056
4.400608307835871
4.510638837898117
4.065486431746894
4.4256511595499965
3.9355231086733897
3.6711136518562197
4.70239294422454
3.8965149218467365
4.533533562306274
4.120494764333396
4.199995481159094
4.657022515643635
3.967448202273413
4.011829419882054
3.8517715770048024
3.6436580925290283
4.560690340726886
4.453704535774246
3.7700720034787207
4.719340506702061
3.9629440128280007
4.33764535681448
3.5115904961611193
5.348278048598631
4.901057705218305
3.9360653144629296
4.615988732217753
4.006612492933943
4.272901694415442
4.3046426402425935
4.027000641036258
4.826156386987569
4.416057917076466
4.580876926925061
4.32049465708617
4.502279614569149
4.004877050588073
4.841308259224608
5.719528698001503
4.748377150351054
4.221510254173561
4.4200239054307
4.159596812271813
4.164020501282561
4.447383618654833
4.2599600159810125
4.2902363496940445
4.7251699240512295
4.718901418454555
4.423868044871112
3.9864134642668354
4.064937232031575
4.556815843817958
4.152410024129385
3.956373699778423
3.6603759178646156
4.730373892719333
4.164058105613331
4.350194461450082
3.5961372006757983
3.998939312768898
3.907862821394978
5.027798477447386
4.331905565211339
3.9225754477180375
3.5828271991374843
4.349262063112598
4.581010725799374
4.197018844892383
3.8461741231150404
4.2731347054815085
3.5884118303007866
3.924933808933425
3.9136739667275213
3.7656902338185394
5.029207886822573
3.7067072500256337
4.332513724259808
5.0887204805941595
5.1755077195629475
4.039868172609827
4.4253190292039974
3.955448886218597
4.279489999719462
4.113590545518477
4.120051278665949
5.8478828932449565
4.718933810342619
4.327793568670956
4.956073489382343
3.859571582182747
4.386563153709508
3.4266148917860946
4.237135590916756
4.319687804186708
4.359018120761066
4.568828529036924
3.874261383628483
3.972171802302793
4.0326415886163804
4.253794736546285
4.515850452470227
4.435677762957113
3.3771636843223165
4.55778714767334
3.41632823232675
3.9832367988937953
4.216740747167723
4.062211605778206
4.496484655492495
3.955084386428183
3.688471175436778
3.978364984013319
4.167820332804716
4.476075535056453
3.733594322929058
4.0436340534407424
4.360972037369662
4.446978011330644
3.9057757989054043
3.82037802726469
4.389331438275152
4.507502718006908
3.6770332057673256
3.778078685697756
4.10531489610274
4.559837538233019
4.100170951387151
3.7625371345033667
4.737254813859241
4.802549265215624
4.138466656838707
4.182479358577126
4.568764357659443
3.5602912632242125
4.2288442569837095
3.7608689195985283
4.447754202593067
3.792031368618399
3.9039540761875444
3.9004994320550543
4.591755763348605
4.534341855768295
3.613257568793239
4.3291952315693045
4.649107543073939
4.554733259350377
3.8367017149108977
4.775900271084286
4.651674459132346
4.1281688499027105
4.0295462703299085
4.024321390801434
4.477838055602387
3.71296636237215
4.072272980856327
4.035036684058506
4.080482190037753
4.455243913205128
3.609229536171243
4.371703007320354
4.062833442343035
4.446470175488399
3.9735493005059825
4.4012772064552905
4.2996175470328755
4.23011529755103
4.350947784955643
4.563096886212722
4.067576438095291
3.725851294711844
4.198131601848717
4.142574797440728
4.873287485148724
3.914552882616726
3.868782240922216
3.2946051616058494
3.9014060760622686
4.647577964466736
4.334649514167433
4.858890040007157
4.606074625178166
4.572659317643177
4.391874087231374
4.253658318764289
4.006392863540869
3.915996981399453
4.53731076030888
3.8946795359270467
4.587551707882134
4.533163394715997
4.562776889427042
3.797885990251224
4.099306608621297
4.611387784021015
4.496464619102051
4.276781141026662
4.138054362872637
3.999745369720559
4.034533740507584
4.392148203900185
4.248422229068197
4.793029130958409
4.6307971193193875
