0.0
0.033999999999650754
0.04099999999925785
0.05199999999967986
0.06499999999869033
0.07999999999992724
0.0820000000003347
0.08399999999892316
0.08899999999994179
0.09799999999995634
0.14199999999982538
0.1999999999989086
0.22699999999895226
0.23999999999978172
0.25599999999940337
0.2919999999994616
0.3169999999990978
0.3580000000001746
0.375
0.3760000000002037
0.3819999999996071
0.3999999999996362
0.40200000000004366
0.4030000000002474
0.41200000000026193
0.4149999999990541
0.41599999999925785
0.41899999999986903
0.4309999999986758
0.44800000000032014
0.4499999999989086
0.45099999999911233
0.5
0.5190000000002328
0.5239999999994325
0.5779999999995198
0.5889999999999418
0.5939999999991414
0.6189999999987776
0.6199999999989814
0.6229999999995925
0.646999999999025
0.6620000000002619
0.6749999999992724
0.6779999999998836
0.680000000000291
0.6970000000001164
0.7189999999991414
0.7299999999995634
0.7319999999999709
0.7809999999990396
0.7960000000002765
0.8119999999998981
0.819999999999709
0.8220000000001164
0.8289999999997235
0.831000000000131
0.8479999999999563
0.8599999999987631
0.8629999999993743
0.8670000000001892
0.8689999999987776
0.8789999999989959
0.8799999999991996
0.8809999999994034
0.8869999999988067
0.9009999999998399
0.9049999999988358
0.9159999999992579
0.918999999999869
0.9200000000000728
0.9259999999994761
0.9269999999996799
0.9349999999994907
0.9509999999991123
0.9579999999987194
0.9709999999995489
0.9819999999999709
0.988999999999578
0.9909999999999854
1.0010000000002037
1.0059999999994034
1.0190000000002328
1.021999999999025
1.0229999999992287
1.0299999999988358
1.032999999999447
1.0409999999992579
1.043999999999869
1.0450000000000728
1.0640000000003056
1.065999999998894
1.0749999999989086
1.0949999999993452
1.095999999999549
1.1089999999985594
1.1119999999991705
1.1129999999993743
1.120999999999185
1.128999999998996
1.1299999999991996
1.1329999999998108
1.1340000000000146
1.143000000000029
1.1479999999992287
1.1549999999988358
1.1639999999988504
1.1869999999998981
1.190999999998894
1.201999999999316
1.2089999999989232
1.212999999999738
1.216999999998734
1.2219999999997526
1.22400000000016
1.2289999999993597
1.2330000000001746
1.234999999998763
1.2409999999999854
1.2510000000002037
1.2559999999994034
1.2579999999998108
1.2590000000000146
1.2629999999990105
1.2699999999986176
1.2780000000002474
1.2819999999992433
1.2929999999996653
1.2950000000000728
1.2969999999986612
1.297999999998865
1.3109999999996944
1.3169999999990978
1.319999999999709
1.3239999999987049
1.3289999999997235
1.3320000000003347
1.3339999999989232
1.3369999999995343
1.3389999999999418
1.3449999999993452
1.3519999999989523
1.356999999999971
1.3609999999989668
1.3619999999991705
1.3629999999993743
1.3760000000002037
1.3779999999987922
1.3889999999992142
1.3949999999986176
1.396999999999025
1.3979999999992287
1.4089999999996508
1.422999999998865
1.4259999999994761
1.440999999998894
1.4419999999990978
1.4549999999999272
1.4639999999999418
1.4749999999985448
1.4989999999997963
1.5019999999985885
1.503999999998996
1.5079999999998108
1.510999999998603
1.5129999999990105
1.5419999999994616
1.565999999998894
1.581000000000131
1.587999999999738
1.591999999998734
1.5929999999989377
1.5949999999993452
1.595999999999549
1.6009999999987485
1.6170000000001892
1.617999999998574
1.6239999999997963
1.625
1.6279999999987922
1.628999999998996
1.6350000000002183
1.635999999998603
1.639999999999418
1.6419999999998254
1.643000000000029
1.6489999999994325
1.6499999999996362
1.668999999999869
1.6710000000002765
1.6719999999986612
1.6739999999990687
1.6829999999990832
1.683999999999287
1.6939999999995052
1.6959999999999127
1.7009999999991123
1.7070000000003347
1.7109999999993306
1.7229999999999563
1.7309999999997672
1.7379999999993743
1.738999999999578
1.745999999999185
1.7489999999997963
1.75
1.753999999998996
1.7549999999991996
1.7559999999994034
1.756999999999607
1.7659999999996217
1.7669999999998254
1.77599999999984
1.7789999999986321
1.7799999999988358
1.7809999999990396
1.7899999999990541
1.7909999999992579
1.7999999999992724
1.8059999999986758
1.8109999999996944
1.8130000000001019
1.8169999999990978
1.826999999999316
1.8349999999991269
1.8410000000003492
1.8439999999991414
1.845999999999549
1.8479999999999563
1.856999999999971
1.859999999998763
1.8629999999993743
1.8840000000000146
1.8869999999988067
1.8959999999988213
1.90099999999984
1.9089999999996508
1.9099999999998545
1.9129999999986467
1.9210000000002765
1.9269999999996799
1.9390000000003056
1.9399999999986903
1.9429999999993015
1.944999999999709
1.9589999999989232
1.9679999999989377
1.9729999999999563
1.97400000000016
1.9749999999985448
1.981999999999971
1.9859999999989668
1.992999999998574
2.002999999998792
2.0049999999991996
2.0159999999996217
2.0169999999998254
2.019000000000233
2.021999999999025
2.029999999998836
2.0309999999990396
2.0319999999992433
2.0339999999996508
2.037000000000262
2.0450000000000728
2.0460000000002765
2.047999999998865
2.0569999999988795
2.0579999999990832
2.0609999999996944
2.061999999999898
2.069999999999709
2.0720000000001164
2.07300000000032
2.0749999999989086
2.081000000000131
2.083999999998923
2.0859999999993306
2.087999999999738
2.088999999999942
2.0910000000003492
2.0929999999989377
2.102999999999156
2.106999999999971
2.1080000000001746
2.1199999999989814
2.121999999999389
2.127999999998792
2.128999999998996
2.1340000000000146
2.1379999999990105
2.143000000000029
2.1459999999988213
2.146999999999025
2.149999999999636
2.153999999998632
2.1739999999990687
2.1749999999992724
2.17699999999968
2.180000000000291
2.183999999999287
2.1849999999994907
2.186999999999898
2.188000000000102
2.194999999999709
2.1959999999999127
2.2119999999995343
2.2160000000003492
2.216999999998734
2.219999999999345
2.2229999999999563
2.22400000000016
2.227999999999156
2.2289999999993597
2.2299999999995634
2.234999999998763
2.235999999998967
2.2379999999993743
2.2409999999999854
2.2449999999989814
2.246999999999389
2.2479999999995925
2.253999999998996
2.2559999999994034
2.256999999999607
2.264999999999418
2.2669999999998254
2.2699999999986176
2.2709999999988213
2.2729999999992287
2.274999999999636
2.2780000000002474
2.278999999998632
2.279999999998836
2.2809999999990396
2.2849999999998545
2.2889999999988504
2.2919999999994616
2.2950000000000728
2.2960000000002765
2.2999999999992724
2.300999999999476
2.3040000000000873
2.311999999999898
2.313000000000102
2.3140000000003056
2.3249999999989086
2.3299999999999272
2.334999999999127
2.3410000000003492
2.344999999999345
2.345999999999549
2.3479999999999563
2.3689999999987776
2.371999999999389
2.3739999999997963
2.375
2.3760000000002037
2.3769999999985885
2.382999999999811
2.3840000000000146
2.3850000000002183
2.3909999999996217
2.3989999999994325
2.399999999999636
2.40099999999984
2.4059999999990396
2.4089999999996508
2.4210000000002765
2.4249999999992724
2.425999999999476
2.4279999999998836
2.4309999999986758
2.436999999999898
2.438000000000102
2.4439999999995052
2.44800000000032
2.4499999999989086
2.451999999999316
2.45299999999952
2.456000000000131
2.458999999998923
2.4650000000001455
2.4660000000003492
2.47400000000016
2.474999999998545
2.4759999999987485
2.4830000000001746
2.4899999999997817
2.4909999999999854
2.5019999999985885
2.5049999999991996
2.507999999999811
2.5090000000000146
2.5100000000002183
2.510999999998603
2.513999999999214
2.514999999999418
2.5159999999996217
2.518000000000029
2.524999999999636
2.528999999998632
2.536000000000058
2.539999999999054
2.5419999999994616
2.5429999999996653
2.5450000000000728
2.5469999999986612
2.5499999999992724
2.5529999999998836
2.555000000000291
2.561999999999898
2.563000000000102
2.5640000000003056
2.566999999999098
2.5759999999991123
2.57799999999952
2.5789999999997235
2.583999999998923
2.5869999999995343
2.5900000000001455
2.594999999999345
2.6009999999987485
2.6019999999989523
2.6199999999989814
2.621999999999389
2.6229999999995925
2.6239999999997963
2.625
2.6299999999991996
2.6309999999994034
2.632999999999811
2.638999999999214
2.6409999999996217
2.646999999999025
2.6479999999992287
2.661000000000058
2.6629999999986467
2.6639999999988504
2.6669999999994616
2.6710000000002765
2.6739999999990687
2.6779999999998836
2.6819999999988795
2.686999999999898
2.6890000000003056
2.6899999999986903
2.6929999999993015
2.694999999999709
2.7009999999991123
2.7049999999999272
2.709999999999127
2.7179999999989377
2.719999999999345
2.7219999999997526
2.7289999999993597
2.7299999999995634
2.730999999999767
2.731999999999971
2.735999999998967
2.742000000000189
2.7439999999987776
2.7489999999997963
2.75
2.753999999998996
2.756999999999607
2.7590000000000146
2.7600000000002183
2.7669999999998254
2.769000000000233
2.7699999999986176
2.771999999999025
2.7729999999992287
2.7770000000000437
2.778999999998632
2.779999999998836
2.7879999999986467
2.7889999999988504
2.7929999999996653
2.7960000000002765
2.7989999999990687
2.800999999999476
2.80199999999968
2.805000000000291
2.808999999999287
2.8099999999994907
2.8109999999996944
2.8140000000003056
2.8179999999993015
2.8189999999995052
2.819999999999709
2.823999999998705
2.8249999999989086
2.834999999999127
2.8359999999993306
2.8369999999995343
2.838999999999942
2.8400000000001455
2.841999999998734
2.8439999999991414
2.845999999999549
2.855999999999767
2.860999999998967
2.8629999999993743
2.8649999999997817
2.8659999999999854
2.8699999999989814
2.870999999999185
2.871999999999389
2.8729999999995925
2.8840000000000146
2.8879999999990105
2.8909999999996217
2.896999999999025
2.899999999999636
2.9020000000000437
2.904999999998836
2.907999999999447
2.9089999999996508
2.9129999999986467
2.915999999999258
2.9179999999996653
2.9200000000000728
2.9210000000002765
2.930000000000291
2.9319999999988795
2.933999999999287
2.9359999999996944
2.9439999999995052
2.944999999999709
2.9459999999999127
2.94800000000032
2.951999999999316
2.9539999999997235
2.9549999999999272
2.956000000000131
2.958999999998923
2.962999999999738
2.963999999999942
2.966999999998734
2.9729999999999563
2.97400000000016
2.977999999999156
2.9789999999993597
2.985999999998967
2.9869999999991705
2.9949999999989814
2.995999999999185
3.0059999999994034
3.007999999999811
3.010999999998603
3.0119999999988067
3.0129999999990105
3.0169999999998254
3.0209999999988213
3.021999999999025
3.024999999999636
3.0349999999998545
3.037000000000262
3.0419999999994616
3.043999999999869
3.0469999999986612
3.0540000000000873
3.0599999999994907
3.061999999999898
3.0640000000003056
3.065999999998894
3.066999999999098
3.0679999999993015
3.0689999999995052
3.069999999999709
3.0720000000001164
3.07300000000032
3.073999999998705
3.0749999999989086
3.0759999999991123
3.087999999999738
3.0900000000001455
3.0910000000003492
3.091999999998734
3.0929999999989377
3.0939999999991414
3.09900000000016
3.1019999999989523
3.1159999999999854
3.117999999998574
3.1199999999989814
3.120999999999185
3.121999999999389
3.1239999999997963
3.125
3.1419999999998254
3.144000000000233
3.1449999999986176
3.149999999999636
3.15099999999984
3.1530000000002474
3.1559999999990396
3.1569999999992433
3.161000000000058
3.1629999999986467
3.164999999999054
3.1679999999996653
3.168999999999869
3.1710000000002765
3.1719999999986612
3.1739999999990687
3.17699999999968
3.180000000000291
3.1809999999986758
3.1819999999988795
3.1859999999996944
3.186999999999898
3.194999999999709
3.198999999998705
3.206000000000131
3.2070000000003347
3.209999999999127
3.2119999999995343
3.212999999999738
3.220999999999549
3.22400000000016
3.2269999999989523
3.227999999999156
3.230999999999767
3.2330000000001746
3.2339999999985594
3.2369999999991705
3.2399999999997817
3.2489999999997963
3.253999999998996
3.2549999999991996
3.256999999999607
3.260999999998603
3.2629999999990105
3.264999999999418
3.2739999999994325
3.274999999999636
3.279999999998836
3.2839999999996508
3.286000000000058
3.287000000000262
3.2879999999986467
3.2919999999994616
3.293999999999869
3.2999999999992724
3.305000000000291
3.315999999998894
3.3189999999995052
3.319999999999709
3.3220000000001164
3.3259999999991123
3.331000000000131
3.3320000000003347
3.3359999999993306
3.3369999999995343
3.3400000000001455
3.345999999999549
3.3469999999997526
3.349999999998545
3.3509999999987485
3.352999999999156
3.356999999999971
3.367999999998574
3.3699999999989814
3.370999999999185
3.3729999999995925
3.375
3.378999999998996
3.381999999999607
3.3840000000000146
3.393000000000029
3.394000000000233
3.4020000000000437
3.4059999999990396
3.4069999999992433
3.4139999999988504
3.4179999999996653
3.4210000000002765
3.4249999999992724
3.4279999999998836
3.4309999999986758
3.4359999999996944
3.4390000000003056
3.441999999999098
3.4499999999989086
3.4509999999991123
3.45299999999952
3.459999999999127
3.4609999999993306
3.462999999999738
3.463999999999942
3.4650000000001455
3.469999999999345
3.474999999998545
3.4769999999989523
3.477999999999156
3.481999999999971
3.4869999999991705
3.488999999999578
3.496999999999389
3.4979999999995925
3.5019999999985885
3.5059999999994034
3.506999999999607
3.5090000000000146
3.510999999998603
3.5209999999988213
3.521999999999025
3.5229999999992287
3.5239999999994325
3.524999999999636
3.52599999999984
3.5270000000000437
3.528999999998632
3.529999999998836
3.5309999999990396
3.5319999999992433
3.536000000000058
3.5379999999986467
3.540999999999258
3.5419999999994616
3.543999999999869
3.5460000000002765
3.5489999999990687
3.5569999999988795
3.5599999999994907
3.5649999999986903
3.566999999999098
3.5689999999995052
3.5709999999999127
3.5759999999991123
3.57799999999952
3.5820000000003347
3.584999999999127
3.5859999999993306
3.588999999999942
3.5929999999989377
3.594999999999345
3.599999999998545
3.6009999999987485
3.6039999999993597
3.6080000000001746
3.6119999999991705
3.613999999999578
3.617000000000189
3.617999999998574
3.621999999999389
3.6269999999985885
3.627999999998792
3.628999999998996
3.631999999999607
3.635999999998603
3.6379999999990105
3.6409999999996217
3.644000000000233
3.6449999999986176
3.646999999999025
3.649999999999636
3.654999999998836
3.6559999999990396
3.6599999999998545
3.6629999999986467
3.6679999999996653
3.6700000000000728
3.6739999999990687
3.67699999999968
3.6779999999998836
3.6809999999986758
3.683999999999287
3.69800000000032
3.70299999999952
3.7039999999997235
3.7070000000003347
3.708999999998923
3.709999999999127
3.7119999999995343
3.713999999999942
3.716999999998734
3.7179999999989377
3.720999999999549
3.7229999999999563
3.724999999998545
3.727999999999156
3.7299999999995634
3.731999999999971
3.7330000000001746
3.7339999999985594
3.735999999998967
3.7399999999997817
3.7409999999999854
3.7449999999989814
3.7479999999995925
3.7489999999997963
3.7619999999988067
3.763999999999214
3.7659999999996217
3.7669999999998254
3.7699999999986176
3.7709999999988213
3.771999999999025
3.7739999999994325
3.7770000000000437
3.779999999998836
3.7809999999990396
3.7839999999996508
3.7849999999998545
3.789999999999054
3.7929999999996653
3.7960000000002765
3.7969999999986612
3.797999999998865
3.7999999999992724
3.800999999999476
3.8040000000000873
3.8059999999986758
3.8099999999994907
3.8109999999996944
3.8149999999986903
3.816999999999098
3.8179999999993015
3.8220000000001164
3.826999999999316
3.82799999999952
3.8289999999997235
3.8299999999999272
3.834999999999127
3.8359999999993306
3.837999999999738
3.8410000000003492
3.8429999999989377
3.8439999999991414
3.845999999999549
3.8469999999997526
3.852999999999156
3.855999999999767
3.8589999999985594
3.8649999999997817
3.8659999999999854
3.8699999999989814
3.8729999999995925
3.885999999998603
3.8869999999988067
3.8879999999990105
3.889999999999418
3.8919999999998254
3.893000000000029
3.8959999999988213
3.899999999999636
3.9069999999992433
3.911000000000058
3.912000000000262
3.9129999999986467
3.914999999999054
3.915999999999258
3.918999999999869
3.9210000000002765
3.9219999999986612
3.9249999999992724
3.9279999999998836
3.9309999999986758
3.9349999999994907
3.9359999999996944
3.941999999999098
3.9439999999995052
3.9509999999991123
3.9539999999997235
3.9549999999999272
3.9570000000003347
3.963999999999942
3.9650000000001455
3.9660000000003492
3.970999999999549
3.9729999999999563
3.97400000000016
3.974999999998545
3.9769999999989523
3.977999999999156
3.981999999999971
3.9830000000001746
3.9839999999985594
3.984999999998763
3.9879999999993743
3.9899999999997817
3.992000000000189
3.9989999999997963
